epoch,step,train/L_coord_epoch,train/L_coord_step,train/L_depth_anchor_epoch,train/L_depth_anchor_step,train/L_geo_pred_pred_art_epoch,train/L_geo_pred_pred_art_step,train/L_kld_epoch,train/L_kld_step,train/L_mask_epoch,train/L_mask_step,train/L_motion_recon_epoch,train/L_motion_recon_step,train/L_motion_type_epoch,train/L_motion_type_step,train/L_origin_epoch,train/L_origin_map_epoch,train/L_origin_map_step,train/L_origin_step,train/L_p_rev_balance_epoch,train/L_p_rev_balance_step,train/L_point_3d_epoch,train/L_point_3d_step,train/L_point_map_epoch,train/L_point_map_step,train/L_traj_proj_epoch,train/L_traj_proj_step,train/L_trajectory_epoch,train/L_trajectory_m2,train/L_trajectory_step,train/L_vae_total_epoch,train/L_vae_total_step,train/loss_total_epoch,train/loss_total_step,train/p_rev_mean,val/L_coord,val/L_depth_anchor,val/L_geo_pred_pred_art,val/L_kld,val/L_mask,val/L_motion_recon,val/L_motion_type,val/L_origin,val/L_origin_map,val/L_p_rev_balance,val/L_point_3d,val/L_point_map,val/L_traj_proj,val/L_trajectory,val/L_trajectory_m2,val/L_vae_total,val/loss_total
0,9,,0.36720871925354004,,0.020029257982969284,,0.4607023000717163,,0.0,,1.1482043266296387,,1.0,,0.5868623852729797,,,0.0,0.0,,0.0441298745572567,,204.49697875976562,,6.524103164672852,,19.894758224487305,,,1.1893620491027832,,1.0,,14.045287132263184,,,,,,,,,,,,,,,,,,
0,19,,0.07403397560119629,,0.009820803999900818,,0.558288037776947,,0.0,,1.2280104160308838,,1.0,,0.3547202944755554,,,0.0,0.0,,0.0010701342253014445,,202.7991180419922,,3.5628373622894287,,2.863884210586548,,,1.1336029767990112,,1.0,,3.925657272338867,,,,,,,,,,,,,,,,,,
0,29,,0.07932542264461517,,0.010330659337341785,,0.2710166871547699,,0.0,,0.8633105754852295,,1.0,,0.33485478162765503,,,0.0,0.0,,0.00021475180983543396,,205.08761596679688,,2.360748291015625,,2.4517486095428467,,,1.1761443614959717,,1.0,,2.909940719604492,,,,,,,,,,,,,,,,,,
0,39,,0.07723360508680344,,0.011376052163541317,,0.17254239320755005,,0.0,,0.6438394784927368,,1.0,,0.32968461513519287,,,0.0,0.0,,0.00011590289796004072,,210.0400848388672,,1.8622877597808838,,2.298562526702881,,,1.212097406387329,,1.0,,2.4639618396759033,,,,,,,,,,,,,,,,,,
0,40,,,,,,,,,,,,,,,,,,,,,,,,,,,,,,,,,,,0.09371306002140045,0.01175234466791153,0.1917630136013031,0.0,0.9678075313568115,1.0,0.33735790848731995,0.0,0.0,0.0003433797974139452,204.2078094482422,1.9467506408691406,2.743359327316284,1.163834571838379,2.358409881591797,1.0,2.9010396003723145
0,40,0.1505645364522934,,0.026087982580065727,,0.44404736161231995,,0.0,,2.382096767425537,,1.0,,0.42934855818748474,,0.0,0.0,,,0.017161859199404716,,202.457275390625,,6.748178005218506,,10.594122886657715,,1.2222105264663696,1.969923496246338,,1.0,,10.003510475158691,,0.31227073073387146,,,,,,,,,,,,,,,,,
1,49,,0.05235143005847931,,0.007277228403836489,,0.1462765634059906,,0.0,,0.5281007885932922,,1.0,,0.3306014835834503,,,0.0,0.0,,0.0001488624984631315,,210.37576293945312,,1.7759840488433838,,1.7371289730072021,,,1.1505612134933472,,1.0,,2.0651233196258545,,,,,,,,,,,,,,,,,,
1,59,,0.0691276416182518,,0.010102297179400921,,0.09490437805652618,,0.0,,0.4788670241832733,,1.0,,0.32925406098365784,,,0.0,0.0,,0.00011214245751034468,,201.8028564453125,,1.3316203355789185,,1.748122215270996,,,1.6799006462097168,,1.0,,1.8284661769866943,,,,,,,,,,,,,,,,,,
1,69,,0.06264012306928635,,0.011368896812200546,,0.07462038099765778,,0.0,,0.432550847530365,,1.0,,0.3241559863090515,,,0.0,0.0,,3.529871173668653e-05,,199.47076416015625,,1.2395055294036865,,1.3992081880569458,,,1.302351951599121,,1.0,,1.5801165103912354,,,,,,,,,,,,,,,,,,
1,79,,0.05900716409087181,,0.013300384394824505,,0.06587628275156021,,0.0,,0.42196011543273926,,1.0,,0.32567670941352844,,,0.0,0.0,,4.784859629580751e-05,,193.2142333984375,,1.066056489944458,,1.3152035474777222,,,1.2631820440292358,,1.0,,1.4443753957748413,,,,,,,,,,,,,,,,,,
1,81,,,,,,,,,,,,,,,,,,,,,,,,,,,,,,,,,,,0.03030228242278099,0.01087955478578806,0.05898798629641533,0.0,0.3522191047668457,1.0,0.3272501528263092,0.0,0.0,8.12566140666604e-05,203.9498748779297,0.8092650175094604,1.3021785020828247,1.2158534526824951,2.36718487739563,1.0,1.258361577987671
1,81,0.05774351954460144,,0.012002091854810715,,0.09909866750240326,,0.0,,0.5043864846229553,,1.0,,0.3295567035675049,,0.0,0.0,,,0.00016297459660563618,,202.996337890625,,1.4413095712661743,,1.8477703332901,,1.2177672386169434,1.974853277206421,,1.0,,1.9415972232818604,,0.23580095171928406,,,,,,,,,,,,,,,,,
2,89,,0.04402903467416763,,0.0067258309572935104,,0.055828336626291275,,0.0,,0.3851679265499115,,1.0,,0.33084553480148315,,,0.0,0.0,,0.00014709983952343464,,209.00064086914062,,0.9525236487388611,,1.3805551528930664,,,1.1528843641281128,,1.0,,1.3901571035385132,,,,,,,,,,,,,,,,,,
2,99,,0.05349723622202873,,0.01014329306781292,,0.049044154584407806,,0.0,,0.38076651096343994,,1.0,,0.3233628273010254,,,0.0,0.0,,2.0713439880637452e-05,,196.02586364746094,,0.7609653472900391,,1.2504143714904785,,,1.150207757949829,,1.0,,1.2328081130981445,,,,,,,,,,,,,,,,,,
2,109,,0.04756753146648407,,0.004606455098837614,,0.047331053763628006,,0.0,,0.32699382305145264,,1.0,,0.3253934979438782,,,0.0,0.0,,3.899242074112408e-05,,196.3160400390625,,0.6324123740196228,,1.1652793884277344,,,1.1782056093215942,,1.0,,1.0931824445724487,,,,,,,,,,,,,,,,,,
2,119,,0.056834060698747635,,0.017226731404662132,,0.04411498084664345,,0.0,,0.3401263952255249,,1.0,,0.3257570266723633,,,0.0,0.0,,4.1224644519388676e-05,,206.9420166015625,,0.5701371431350708,,1.2895398139953613,,,1.347834825515747,,1.0,,1.1413642168045044,,,,,,,,,,,,,,,,,,
2,122,,,,,,,,,,,,,,,,,,,,,,,,,,,,,,,,,,,0.026698725298047066,0.010440990328788757,0.04034280404448509,0.0,0.30429694056510925,1.0,0.3211142420768738,0.0,0.0,2.3053646145854145e-05,203.9695281982422,0.37843823432922363,1.1469404697418213,1.2247639894485474,2.368755578994751,1.0,0.93745356798172
2,122,0.04798814281821251,,0.011035889387130737,,0.05064523592591286,,0.0,,0.36971351504325867,,1.0,,0.32504692673683167,,0.0,0.0,,,6.51355876470916e-05,,203.02903747558594,,0.7457224726676941,,1.2046407461166382,,1.2306151390075684,1.9803842306137085,,1.0,,1.1946476697921753,,0.23114827275276184,,,,,,,,,,,,,,,,,
3,129,,0.05208093300461769,,0.0047506955452263355,,0.037909746170043945,,0.0,,0.30137690901756287,,1.0,,0.32535743713378906,,,0.0,0.0,,3.9789225411368534e-05,,202.2801513671875,,0.46903955936431885,,1.0536503791809082,,,1.237199068069458,,1.0,,0.9442601203918457,,,,,,,,,,,,,,,,,,
3,139,,0.0380341112613678,,0.003914671018719673,,0.039864398539066315,,0.0,,0.3270082473754883,,1.0,,0.3266450762748718,,,0.0,0.0,,5.408535071182996e-05,,198.8013153076172,,0.39721253514289856,,0.9520007371902466,,,1.2041819095611572,,1.0,,0.863098680973053,,,,,,,,,,,,,,,,,,
3,149,,0.0315646231174469,,0.012347227893769741,,0.03591715544462204,,0.0,,0.3230842351913452,,1.0,,0.31243693828582764,,,0.0,0.0,,4.6339704567799345e-05,,200.27291870117188,,0.3930146098136902,,1.0964710712432861,,,1.1848738193511963,,1.0,,0.9318557977676392,,,,,,,,,,,,,,,,,,
3,159,,0.03461156040430069,,0.010691999457776546,,0.034743521362543106,,0.0,,0.2945505678653717,,1.0,,0.31579703092575073,,,0.0,0.0,,7.817334335413761e-06,,202.69287109375,,0.35889527201652527,,0.8856877088546753,,,1.241898536682129,,1.0,,0.7956968545913696,,,,,,,,,,,,,,,,,,
3,163,,,,,,,,,,,,,,,,,,,,,,,,,,,,,,,,,,,0.026552647352218628,0.011072705499827862,0.032034751027822495,0.0,0.26306524872779846,1.0,0.3257808983325958,0.0,0.0,4.7303135943366215e-05,204.58152770996094,0.27279242873191833,0.9762643575668335,1.232945203781128,2.3711066246032715,1.0,0.7781009078025818
3,163,0.036835361272096634,,0.010188796557486057,,0.03769845515489578,,0.0,,0.31241899728775024,,1.0,,0.3227977454662323,,0.0,0.0,,,6.841271533630788e-05,,202.96194458007812,,0.4106401205062866,,0.9928131103515625,,1.2401268482208252,1.9820376634597778,,1.0,,0.8852521181106567,,0.22850032150745392,,,,,,,,,,,,,,,,,
4,169,,0.028656508773565292,,0.021124528720974922,,0.03455835580825806,,0.0,,0.29375123977661133,,1.0,,0.3262307047843933,,,0.0,0.0,,5.2172090363455936e-05,,201.80477905273438,,0.32372623682022095,,0.9154039621353149,,,1.1801121234893799,,1.0,,0.7948131561279297,,,,,,,,,,,,,,,,,,
4,179,,0.03249191492795944,,0.009347699582576752,,0.03534724563360214,,0.0,,0.294360876083374,,1.0,,0.3289092779159546,,,0.0,0.0,,8.434782648691908e-05,,197.79638671875,,0.3264584243297577,,0.9360648989677429,,,1.5030391216278076,,1.0,,0.8029388189315796,,,,,,,,,,,,,,,,,,
4,189,,0.0313057079911232,,0.014968877658247948,,0.03162282705307007,,0.0,,0.2772986590862274,,1.0,,0.3151124119758606,,,0.0,0.0,,1.6663285350659862e-05,,195.18408203125,,0.35084688663482666,,0.9094897508621216,,,1.1494553089141846,,1.0,,0.7951256036758423,,,,,,,,,,,,,,,,,,
4,199,,0.031569987535476685,,0.010190046392381191,,0.03140166401863098,,0.0,,0.2648131549358368,,1.0,,0.320169061422348,,,0.0,0.0,,6.254190907384327e-07,,210.43060302734375,,0.31210604310035706,,0.8645616173744202,,,1.274086594581604,,1.0,,0.7447608113288879,,,,,,,,,,,,,,,,,,
4,204,,,,,,,,,,,,,,,,,,,,,,,,,,,,,,,,,,,0.02418568544089794,0.011389768682420254,0.02789783664047718,0.0,0.2453242689371109,1.0,0.3272857069969177,0.0,0.0,0.00010186847066506743,203.5433807373047,0.24112862348556519,0.8806263208389282,1.2356512546539307,2.3718795776367188,1.0,0.7041680216789246
4,204,0.02865789830684662,,0.010353085584938526,,0.03125213831663132,,0.0,,0.2742302715778351,,1.0,,0.3230755627155304,,0.0,0.0,,,5.053903805674054e-05,,203.02589416503906,,0.3183140754699707,,0.8642045259475708,,1.2450752258300781,1.9845614433288574,,1.0,,0.7510302662849426,,0.2285323441028595,,,,,,,,,,,,,,,,,
5,209,,0.020894957706332207,,0.008366333320736885,,0.030277380719780922,,0.0,,0.24397125840187073,,1.0,,0.325758159160614,,,0.0,0.0,,2.942551873275079e-05,,206.15133666992188,,0.28874075412750244,,0.8493106365203857,,,1.2269747257232666,,1.0,,0.7086843848228455,,,,,,,,,,,,,,,,,,
5,219,,0.029444897547364235,,0.0071599651128053665,,0.026292264461517334,,0.0,,0.23358206450939178,,1.0,,0.33034515380859375,,,0.0,0.0,,9.87348539638333e-05,,201.90200805664062,,0.2926040589809418,,0.7637354731559753,,,1.402679204940796,,1.0,,0.6659417748451233,,,,,,,,,,,,,,,,,,
5,229,,0.023679349571466446,,0.012224731966853142,,0.027810197323560715,,0.0,,0.22834327816963196,,1.0,,0.3279620110988617,,,0.0,0.0,,6.67865460854955e-05,,198.03964233398438,,0.28010275959968567,,0.8397305607795715,,,1.2102618217468262,,1.0,,0.694854736328125,,,,,,,,,,,,,,,,,,
5,239,,0.029277503490447998,,0.021140817552804947,,0.02623864635825157,,0.0,,0.26038989424705505,,1.0,,0.3347260355949402,,,0.0,0.0,,0.00019923843501601368,,196.93032836914062,,0.27704691886901855,,0.8649784326553345,,,1.2095725536346436,,1.0,,0.7291402220726013,,,,,,,,,,,,,,,,,,
5,245,,,,,,,,,,,,,,,,,,,,,,,,,,,,,,,,,,,0.021930553019046783,0.012755217030644417,0.025856560096144676,0.0,0.2168939858675003,1.0,0.31897103786468506,0.0,0.0,1.916967630677391e-05,203.34800720214844,0.22730672359466553,0.808528482913971,1.2355986833572388,2.372030258178711,1.0,0.6463027596473694
5,245,0.023980434983968735,,0.00959560927003622,,0.027518874034285545,,0.0,,0.2452200949192047,,1.0,,0.3243553936481476,,0.0,0.0,,,7.268728222697973e-05,,202.99449157714844,,0.280754953622818,,0.7835865616798401,,1.247215986251831,1.98349928855896,,1.0,,0.6743571758270264,,0.22938625514507294,,,,,,,,,,,,,,,,,
6,249,,0.019133877009153366,,0.025459356606006622,,0.028339166194200516,,0.0,,0.23268797993659973,,1.0,,0.3191615045070648,,,0.0,0.0,,2.2841345526103396e-06,,198.7987518310547,,0.266315221786499,,0.6679643392562866,,,1.2023088932037354,,1.0,,0.6086154580116272,,,,,,,,,,,,,,,,,,
6,259,,0.025277428328990936,,0.013467577286064625,,0.023568158969283104,,0.0,,0.2164008617401123,,1.0,,0.3210375905036926,,,0.0,0.0,,9.690149909147294e-07,,209.56936645507812,,0.26798170804977417,,0.6399491429328918,,,1.1581881046295166,,1.0,,0.5838956832885742,,,,,,,,,,,,,,,,,,
6,269,,0.019452786073088646,,0.00834074430167675,,0.022711552679538727,,0.0,,0.21849370002746582,,1.0,,0.3186846673488617,,,0.0,0.0,,1.8607199763209792e-06,,200.84988403320312,,0.24912968277931213,,0.6969708800315857,,,1.2988765239715576,,1.0,,0.5984659790992737,,,,,,,,,,,,,,,,,,
6,279,,0.01905585639178753,,0.006913752295076847,,0.02209257334470749,,0.0,,0.22012434899806976,,1.0,,0.3244168162345886,,,0.0,0.0,,2.04411699087359e-05,,211.14068603515625,,0.2648269236087799,,0.6317098140716553,,,1.2044509649276733,,1.0,,0.5735347867012024,,,,,,,,,,,,,,,,,,
6,286,,,,,,,,,,,,,,,,,,,,,,,,,,,,,,,,,,,0.019450560212135315,0.011259382590651512,0.02433355711400509,0.0,0.19605523347854614,1.0,0.3239094913005829,0.0,0.0,3.276345887570642e-05,204.81126403808594,0.21756388247013092,0.7521734237670898,1.2360312938690186,2.3724255561828613,1.0,0.6007009744644165
6,286,0.020868130028247833,,0.009514618664979935,,0.02517245151102543,,0.0,,0.22502990067005157,,1.0,,0.32280558347702026,,0.0,0.0,,,4.438448013388552e-05,,202.95803833007812,,0.2631523907184601,,0.7220051884651184,,1.248400092124939,1.9862418174743652,,1.0,,0.622824490070343,,0.22753417491912842,,,,,,,,,,,,,,,,,
7,289,,0.01817360334098339,,0.015861349180340767,,0.02289321832358837,,0.0,,0.200117826461792,,1.0,,0.3196629583835602,,,0.0,0.0,,1.0134570516129315e-07,,196.6361083984375,,0.24631324410438538,,0.7393009662628174,,,1.1998379230499268,,1.0,,0.6121729016304016,,,,,,,,,,,,,,,,,,
7,299,,0.01912558078765869,,0.009053035639226437,,0.025838159024715424,,0.0,,0.20780041813850403,,1.0,,0.32173794507980347,,,0.0,0.0,,9.330649390904e-07,,202.2454833984375,,0.24902191758155823,,0.5926705002784729,,,1.2745963335037231,,1.0,,0.5414199829101562,,,,,,,,,,,,,,,,,,
7,309,,0.018055781722068787,,0.0041345469653606415,,0.024695897474884987,,0.0,,0.2142215073108673,,1.0,,0.32067689299583435,,,0.0,0.0,,9.825768643167976e-08,,208.8558349609375,,0.23931249976158142,,0.6512117385864258,,,1.2787153720855713,,1.0,,0.5659376978874207,,,,,,,,,,,,,,,,,,
7,319,,0.018390320241451263,,0.005858383607119322,,0.0240267813205719,,0.0,,0.18926233053207397,,1.0,,0.32193097472190857,,,0.0,0.0,,1.8396809764453792e-07,,208.4138641357422,,0.24579252302646637,,0.663499116897583,,,1.360479712486267,,1.0,,0.5638041496276855,,,,,,,,,,,,,,,,,,
7,327,,,,,,,,,,,,,,,,,,,,,,,,,,,,,,,,,,,0.01892942003905773,0.010767120867967606,0.023107031360268593,0.0,0.1883353590965271,1.0,0.32506415247917175,0.0,0.0,5.815375698148273e-05,204.63807678222656,0.20990951359272003,0.7122701406478882,1.2356489896774292,2.3722734451293945,1.0,0.5724456310272217
7,327,0.019462257623672485,,0.00950522068887949,,0.023533152416348457,,0.0,,0.208282932639122,,1.0,,0.32259777188301086,,0.0,0.0,,,6.399245467036963e-05,,202.99542236328125,,0.25352397561073303,,0.6718306541442871,,1.2486138343811035,1.9862972497940063,,1.0,,0.5836877822875977,,0.22702470421791077,,,,,,,,,,,,,,,,,
8,329,,0.01945948600769043,,0.010985681787133217,,0.021893877536058426,,0.0,,0.19092057645320892,,1.0,,0.32112711668014526,,,0.0,0.0,,4.197390239824017e-07,,195.06298828125,,0.2478228509426117,,0.6955763101577759,,,1.1568033695220947,,1.0,,0.5845720767974854,,,,,,,,,,,,,,,,,,
8,339,,0.01663801819086075,,0.00856131874024868,,0.01972172036767006,,0.0,,0.18343760073184967,,1.0,,0.3301604390144348,,,0.0,0.0,,8.406258712057024e-05,,201.73519897460938,,0.2491450309753418,,0.5220054388046265,,,1.3110876083374023,,1.0,,0.49190786480903625,,,,,,,,,,,,,,,,,,
8,349,,0.016578499227762222,,0.00629185326397419,,0.023725476115942,,0.0,,0.19773633778095245,,1.0,,0.31300294399261475,,,0.0,0.0,,5.4256004659691826e-05,,212.31378173828125,,0.24477246403694153,,0.5565046668052673,,,1.3228793144226074,,1.0,,0.5133416056632996,,,,,,,,,,,,,,,,,,
8,359,,0.014906562864780426,,0.012283259071409702,,0.022277306765317917,,0.0,,0.19524475932121277,,1.0,,0.32084304094314575,,,0.0,0.0,,7.693423498267293e-08,,199.45013427734375,,0.23008623719215393,,0.6356668472290039,,,1.167306661605835,,1.0,,0.5463215708732605,,,,,,,,,,,,,,,,,,
8,368,,,,,,,,,,,,,,,,,,,,,,,,,,,,,,,,,,,0.01771681383252144,0.009791826829314232,0.022211387753486633,0.0,0.17808951437473297,1.0,0.3238265812397003,0.0,0.0,7.324928446905687e-05,203.9882354736328,0.2075025737285614,0.677823543548584,1.2339204549789429,2.3718924522399902,1.0,0.5477199554443359
8,368,0.017944473773241043,,0.008872687816619873,,0.022218240424990654,,0.0,,0.19248302280902863,,1.0,,0.3243255019187927,,0.0,0.0,,,7.74412983446382e-05,,202.99847412109375,,0.24593837559223175,,0.6305104494094849,,1.2467433214187622,1.9861685037612915,,1.0,,0.55013507604599,,0.2285395860671997,,,,,,,,,,,,,,,,,
9,369,,0.01567612588405609,,0.004167350009083748,,0.021686282008886337,,0.0,,0.18622352182865143,,1.0,,0.32731953263282776,,,0.0,0.0,,3.42820021614898e-05,,208.763427734375,,0.2328350841999054,,0.6442194581031799,,,1.2733176946640015,,1.0,,0.5437465906143188,,,,,,,,,,,,,,,,,,
9,379,,0.013546686619520187,,0.01560144405812025,,0.023894429206848145,,0.0,,0.15891261398792267,,1.0,,0.3209971487522125,,,0.0,0.0,,3.5271801834824146e-07,,205.83724975585938,,0.23544737696647644,,0.7573277950286865,,,1.2274341583251953,,1.0,,0.5928075909614563,,,,,,,,,,,,,,,,,,
9,389,,0.016330553218722343,,0.016156580299139023,,0.022914893925189972,,0.0,,0.17891854047775269,,1.0,,0.3276382386684418,,,0.0,0.0,,3.203945016139187e-05,,203.60043334960938,,0.2465800791978836,,0.6550736427307129,,,1.2962106466293335,,1.0,,0.5588371753692627,,,,,,,,,,,,,,,,,,
9,399,,0.017922302708029747,,0.004924142733216286,,0.021885132417082787,,0.0,,0.1709088683128357,,1.0,,0.3245786726474762,,,0.0,0.0,,5.557655640586745e-06,,212.82432556152344,,0.241480752825737,,0.5498448610305786,,,1.2705211639404297,,1.0,,0.49473175406455994,,,,,,,,,,,,,,,,,,
9,409,,0.016045108437538147,,0.011917183175683022,,0.021473605185747147,,0.0,,0.16966037452220917,,1.0,,0.3325047492980957,,,0.0,0.0,,0.00013618353113997728,,203.96800231933594,,0.23257745802402496,,0.5381249785423279,,,1.1762866973876953,,1.0,,0.486378014087677,,,,,,,,,,,,,,,,,,
9,409,,,,,,,,,,,,,,,,,,,,,,,,,,,,,,,,,,,0.01649526320397854,0.010050137527287006,0.021949630230665207,0.0,0.16975900530815125,1.0,0.32807037234306335,0.0,0.0,9.927922656061128e-05,203.79673767089844,0.20661519467830658,0.6487970352172852,1.233060359954834,2.3716678619384766,1.0,0.5281029343605042
9,409,0.017047230154275894,,0.008592616766691208,,0.02145465463399887,,0.0,,0.18008694052696228,,1.0,,0.32362017035484314,,0.0,0.0,,,6.303277041297406e-05,,202.97702026367188,,0.23868076503276825,,0.5956335663795471,,1.2453436851501465,1.986380934715271,,1.0,,0.5221974849700928,,0.2276185154914856,,,,,,,,,,,,,,,,,
10,419,,0.020969243720173836,,0.011290844529867172,,0.022292010486125946,,0.0,,0.20343996584415436,,1.0,,0.3203562796115875,,,0.0,0.0,,2.182304337239316e-09,,202.84213256835938,,0.24092748761177063,,0.593023419380188,,,1.2358546257019043,,1.0,,0.5370546579360962,,,,,,,,,,,,,,,,,,
10,429,,0.013290595263242722,,0.004088709596544504,,0.01972144842147827,,0.0,,0.1779317408800125,,1.0,,0.3300885260105133,,,0.0,0.0,,7.944095705170184e-05,,202.88400268554688,,0.23564781248569489,,0.5778517127037048,,,1.2360589504241943,,1.0,,0.5064171552658081,,,,,,,,,,,,,,,,,,
10,439,,0.01705506443977356,,0.005574793554842472,,0.024046380072832108,,0.0,,0.16506874561309814,,1.0,,0.32628124952316284,,,0.0,0.0,,1.5438596165040508e-05,,211.648193359375,,0.23737408220767975,,0.6964139342308044,,,1.2067092657089233,,1.0,,0.5631557106971741,,,,,,,,,,,,,,,,,,
10,449,,0.016028864309191704,,0.00776460999622941,,0.022036097943782806,,0.0,,0.1707037389278412,,1.0,,0.32692697644233704,,,0.0,0.0,,3.165347516187467e-05,,205.44723510742188,,0.25333479046821594,,0.527286171913147,,,1.3557696342468262,,1.0,,0.4897785186767578,,,,,,,,,,,,,,,,,,
10,450,,,,,,,,,,,,,,,,,,,,,,,,,,,,,,,,,,,0.01582961156964302,0.009965921752154827,0.022108379751443863,0.0,0.16427582502365112,1.0,0.32029157876968384,0.0,0.0,5.373103340389207e-05,203.96685791015625,0.1987757682800293,0.6215587854385376,1.229574203491211,2.3706517219543457,1.0,0.5074406266212463
10,450,0.016064360737800598,,0.009226282127201557,,0.02103576250374317,,0.0,,0.1718703657388687,,1.0,,0.3243858814239502,,0.0,0.0,,,6.888939969940111e-05,,203.01808166503906,,0.2362922877073288,,0.5623828768730164,,1.2444052696228027,1.9861167669296265,,1.0,,0.5000562071800232,,0.22845366597175598,,,,,,,,,,,,,,,,,
11,459,,0.022427331656217575,,0.009774033911526203,,0.02051260881125927,,0.0,,0.15941955149173737,,1.0,,0.3354926109313965,,,0.0,0.0,,0.0001722085871733725,,211.06231689453125,,0.23839810490608215,,0.5983420014381409,,,1.132399320602417,,1.0,,0.5163179636001587,,,,,,,,,,,,,,,,,,
11,469,,0.015311495400965214,,0.007191061042249203,,0.024867195636034012,,0.0,,0.16235944628715515,,1.0,,0.32493361830711365,,,0.0,0.0,,1.4985515917942394e-05,,202.09713745117188,,0.2265317440032959,,0.5343639850616455,,,1.1894714832305908,,1.0,,0.4753730595111847,,,,,,,,,,,,,,,,,,
11,479,,0.015377080999314785,,0.011859235353767872,,0.022495519369840622,,0.0,,0.1532447636127472,,1.0,,0.32924020290374756,,,0.0,0.0,,4.992683170712553e-05,,206.8292236328125,,0.21639558672904968,,0.4821774959564209,,,1.2257463932037354,,1.0,,0.44180160760879517,,,,,,,,,,,,,,,,,,
11,489,,0.013745158910751343,,0.01255487184971571,,0.020000822842121124,,0.0,,0.15980030596256256,,1.0,,0.3105090260505676,,,0.0,0.0,,9.312292240792885e-05,,205.75167846679688,,0.23080924153327942,,0.5553632974624634,,,1.3141915798187256,,1.0,,0.48818308115005493,,,,,,,,,,,,,,,,,,
11,491,,,,,,,,,,,,,,,,,,,,,,,,,,,,,,,,,,,0.015430132858455181,0.009623962454497814,0.021876338869333267,0.0,0.16155648231506348,1.0,0.321061372756958,0.0,0.0,3.7625002732966095e-05,204.05368041992188,0.19843293726444244,0.5979779362678528,1.2272077798843384,2.3699185848236084,1.0,0.49371716380119324
11,491,0.015231798402965069,,0.008639040403068066,,0.02060546725988388,,0.0,,0.16110025346279144,,1.0,,0.3230642080307007,,0.0,0.0,,,6.508266233140603e-05,,202.93812561035156,,0.22948797047138214,,0.5294412970542908,,1.2409188747406006,1.985342264175415,,1.0,,0.47404325008392334,,0.22699998319149017,,,,,,,,,,,,,,,,,
12,499,,0.013420524075627327,,0.004501884803175926,,0.01966967061161995,,0.0,,0.14979299902915955,,1.0,,0.3098326623439789,,,0.0,0.0,,0.0001228185137733817,,203.95504760742188,,0.21790269017219543,,0.467334121465683,,,1.2174487113952637,,1.0,,0.42850449681282043,,,,,,,,,,,,,,,,,,
12,509,,0.014321506023406982,,0.00848482921719551,,0.02345024049282074,,0.0,,0.1383710503578186,,1.0,,0.33494997024536133,,,0.0,0.0,,0.00019521052308846265,,201.0499725341797,,0.22129878401756287,,0.49816757440567017,,,1.2923898696899414,,1.0,,0.4427644908428192,,,,,,,,,,,,,,,,,,
12,519,,0.013864783570170403,,0.009064190089702606,,0.018656956031918526,,0.0,,0.15761098265647888,,1.0,,0.3190455436706543,,,0.0,0.0,,3.713973228514078e-06,,200.92251586914062,,0.21777936816215515,,0.515680193901062,,,1.3041777610778809,,1.0,,0.45886731147766113,,,,,,,,,,,,,,,,,,
12,529,,0.01608450338244438,,0.0065791723318398,,0.019143471494317055,,0.0,,0.15051379799842834,,1.0,,0.32517844438552856,,,0.0,0.0,,2.826053423632402e-05,,200.26068115234375,,0.21599926054477692,,0.4575858414173126,,,1.2226364612579346,,1.0,,0.42530977725982666,,,,,,,,,,,,,,,,,,
12,532,,,,,,,,,,,,,,,,,,,,,,,,,,,,,,,,,,,0.014863275922834873,0.010072813369333744,0.02218303270637989,0.0,0.15865284204483032,1.0,0.3283829092979431,0.0,0.0,0.00010385405767010525,203.79054260253906,0.19802142679691315,0.576156497001648,1.2256242036819458,2.3691999912261963,1.0,0.481153666973114
12,532,0.01502443477511406,,0.008121142163872719,,0.02069171518087387,,0.0,,0.15469878911972046,,1.0,,0.32401034235954285,,0.0,0.0,,,7.56911322241649e-05,,202.95462036132812,,0.22661815583705902,,0.5032684206962585,,1.2386127710342407,1.9847992658615112,,1.0,,0.4559724032878876,,0.22795253992080688,,,,,,,,,,,,,,,,,
13,539,,0.013336442410945892,,0.01180262677371502,,0.021033383905887604,,0.0,,0.13817788660526276,,1.0,,0.3257875442504883,,,0.0,0.0,,1.6621826944174245e-05,,195.3853759765625,,0.2127285599708557,,0.49866414070129395,,,1.294424295425415,,1.0,,0.4394664764404297,,,,,,,,,,,,,,,,,,
13,549,,0.022048931568861008,,0.004864830523729324,,0.02092512510716915,,0.0,,0.1599837690591812,,1.0,,0.32365313172340393,,,0.0,0.0,,1.4035105778020807e-05,,195.5760955810547,,0.23401302099227905,,0.5468292236328125,,,1.2236472368240356,,1.0,,0.4859693944454193,,,,,,,,,,,,,,,,,,
13,559,,0.012379811145365238,,0.009211692959070206,,0.020414846017956734,,0.0,,0.1358826756477356,,1.0,,0.31804847717285156,,,0.0,0.0,,5.854708888364257e-06,,202.808837890625,,0.2283019721508026,,0.4303731918334961,,,1.1720237731933594,,1.0,,0.41011908650398254,,,,,,,,,,,,,,,,,,
13,569,,0.017215605825185776,,0.01207513827830553,,0.0217047818005085,,0.0,,0.14537853002548218,,1.0,,0.31129252910614014,,,0.0,0.0,,8.857435022946447e-05,,206.36129760742188,,0.21484509110450745,,0.4269351363182068,,,1.1738126277923584,,1.0,,0.41043952107429504,,,,,,,,,,,,,,,,,,
13,573,,,,,,,,,,,,,,,,,,,,,,,,,,,,,,,,,,,0.014252740889787674,0.010638505220413208,0.022718794643878937,0.0,0.1506858915090561,1.0,0.3261491656303406,0.0,0.0,0.00012038604472763836,203.8583526611328,0.19528935849666595,0.5580946803092957,1.2239456176757812,2.368678092956543,1.0,0.46681270003318787
13,573,0.013825048692524433,,0.007989060133695602,,0.020885830745100975,,0.0,,0.1498410850763321,,1.0,,0.3233928382396698,,0.0,0.0,,,7.153795013437048e-05,,202.99671936035156,,0.2222055047750473,,0.4746111035346985,,1.2367196083068848,1.984108567237854,,1.0,,0.436360239982605,,0.22734421491622925,,,,,,,,,,,,,,,,,
14,579,,0.012013765051960945,,0.0037432957906275988,,0.01722036302089691,,0.0,,0.1418411284685135,,1.0,,0.31641054153442383,,,0.0,0.0,,1.679932938714046e-05,,201.6812744140625,,0.21361815929412842,,0.43379831314086914,,,1.7338818311691284,,1.0,,0.4042377471923828,,,,,,,,,,,,,,,,,,
14,589,,0.015491072088479996,,0.004847942851483822,,0.02174774929881096,,0.0,,0.1744004487991333,,1.0,,0.3229524493217468,,,0.0,0.0,,6.848697012173943e-06,,201.4031219482422,,0.2290797382593155,,0.44493401050567627,,,1.192222237586975,,1.0,,0.43655478954315186,,,,,,,,,,,,,,,,,,
14,599,,0.012311113998293877,,0.00942082516849041,,0.018582835793495178,,0.0,,0.14494866132736206,,1.0,,0.3242915868759155,,,0.0,0.0,,9.543276064505335e-06,,211.40408325195312,,0.22118981182575226,,0.42749902606010437,,,1.2162821292877197,,1.0,,0.40954774618148804,,,,,,,,,,,,,,,,,,
14,609,,0.013107215985655785,,0.002885622438043356,,0.019409507513046265,,0.0,,0.13170965015888214,,1.0,,0.31170594692230225,,,0.0,0.0,,7.79354086262174e-05,,203.85128784179688,,0.22854897379875183,,0.4824608266353607,,,1.2512636184692383,,1.0,,0.43133607506752014,,,,,,,,,,,,,,,,,,
14,614,,,,,,,,,,,,,,,,,,,,,,,,,,,,,,,,,,,0.013955038040876389,0.00960050243884325,0.02319963648915291,0.0,0.15102392435073853,1.0,0.3328443765640259,0.0,0.0,0.00017946967273019254,204.23089599609375,0.19399172067642212,0.5446665287017822,1.2190145254135132,2.3674967288970947,1.0,0.45902860164642334
14,614,0.013728669844567776,,0.007788653019815683,,0.020708756521344185,,0.0,,0.1436748206615448,,1.0,,0.323215514421463,,0.0,0.0,,,8.23837544885464e-05,,202.9561767578125,,0.21981081366539001,,0.4505211114883423,,1.2343308925628662,1.983696699142456,,1.0,,0.4198741316795349,,0.22705990076065063,,,,,,,,,,,,,,,,,
15,619,,0.012020854279398918,,0.022965041920542717,,0.020769860595464706,,0.0,,0.1734059453010559,,1.0,,0.32072019577026367,,,0.0,0.0,,1.0186819565660699e-07,,202.06784057617188,,0.22299563884735107,,0.4647424817085266,,,1.2289143800735474,,1.0,,0.4501419961452484,,,,,,,,,,,,,,,,,,
15,629,,0.012206344865262508,,0.008202331140637398,,0.025503460317850113,,0.0,,0.1661354899406433,,1.0,,0.33695992827415466,,,0.0,0.0,,0.00021718825155403465,,202.41744995117188,,0.21265524625778198,,0.42167532444000244,,,1.2089855670928955,,1.0,,0.4130963087081909,,,,,,,,,,,,,,,,,,
15,639,,0.014907545410096645,,0.007929150946438313,,0.023255737498402596,,0.0,,0.16623660922050476,,1.0,,0.3506098687648773,,,0.0,0.0,,0.0007172327605076134,,208.5499725341797,,0.21968895196914673,,0.4486856162548065,,,1.170447826385498,,1.0,,0.4314081072807312,,,,,,,,,,,,,,,,,,
15,649,,0.012488681823015213,,0.010268149897456169,,0.022936098277568817,,0.0,,0.12977436184883118,,1.0,,0.3298703134059906,,,0.0,0.0,,6.282906542764977e-05,,209.26107788085938,,0.21468707919120789,,0.3859986364841461,,,1.2137638330459595,,1.0,,0.37893348932266235,,,,,,,,,,,,,,,,,,
15,655,,,,,,,,,,,,,,,,,,,,,,,,,,,,,,,,,,,0.013866598717868328,0.009769770316779613,0.02365092560648918,0.0,0.14985309541225433,1.0,0.32684141397476196,0.0,0.0,4.680180427385494e-05,204.3644256591797,0.19388577342033386,0.532151460647583,1.219222903251648,2.367288589477539,1.0,0.4521518349647522
15,655,0.013090158812701702,,0.007803605869412422,,0.021003497764468193,,0.0,,0.14024530351161957,,1.0,,0.3240237534046173,,0.0,0.0,,,9.646125545259565e-05,,202.93966674804688,,0.21722888946533203,,0.42399516701698303,,1.2319947481155396,1.9828085899353027,,1.0,,0.40333011746406555,,0.22793135046958923,,,,,,,,,,,,,,,,,
16,659,,0.010026825591921806,,0.006915755104273558,,0.021322734653949738,,0.0,,0.11773329228162766,,1.0,,0.3260951042175293,,,0.0,0.0,,1.61919688252965e-05,,201.50537109375,,0.2074628323316574,,0.3588405251502991,,,1.1402294635772705,,1.0,,0.35262998938560486,,,,,,,,,,,,,,,,,,
16,669,,0.01203632541000843,,0.0021438903640955687,,0.0198061466217041,,0.0,,0.12551002204418182,,1.0,,0.3170754313468933,,,0.0,0.0,,7.752059900667518e-06,,212.99813842773438,,0.2053326517343521,,0.34000638127326965,,,1.2467957735061646,,1.0,,0.3444991409778595,,,,,,,,,,,,,,,,,,
16,679,,0.010252534411847591,,0.006222727708518505,,0.022459615021944046,,0.0,,0.1212933138012886,,1.0,,0.3265805244445801,,,0.0,0.0,,3.793796349782497e-05,,207.3623046875,,0.2190585732460022,,0.45235854387283325,,,1.079055905342102,,1.0,,0.40685775876045227,,,,,,,,,,,,,,,,,,
16,689,,0.01728314720094204,,0.007436005398631096,,0.01896161399781704,,0.0,,0.13332146406173706,,1.0,,0.3275865614414215,,,0.0,0.0,,4.38430106441956e-05,,208.3376922607422,,0.2185174524784088,,0.39170020818710327,,,1.1304067373275757,,1.0,,0.38604721426963806,,,,,,,,,,,,,,,,,,
16,696,,,,,,,,,,,,,,,,,,,,,,,,,,,,,,,,,,,0.013643522746860981,0.010006897151470184,0.02434496581554413,0.0,0.1447690725326538,1.0,0.32250988483428955,0.0,0.0,5.8192053984384984e-05,204.1202392578125,0.18866150081157684,0.5127048492431641,1.2177289724349976,2.367276906967163,1.0,0.43735653162002563
16,696,0.012723364867269993,,0.007699824869632721,,0.020964941009879112,,0.0,,0.13407868146896362,,1.0,,0.3237128257751465,,0.0,0.0,,,7.344705954892561e-05,,202.98373413085938,,0.21396762132644653,,0.3971508741378784,,1.2301280498504639,1.982495903968811,,1.0,,0.3849433660507202,,0.2279224842786789,,,,,,,,,,,,,,,,,
17,699,,0.013348149135708809,,0.009067722596228123,,0.020308658480644226,,0.0,,0.1172434389591217,,1.0,,0.32285088300704956,,,0.0,0.0,,2.956798653031001e-06,,204.3374481201172,,0.21283692121505737,,0.330622136592865,,,1.1696091890335083,,1.0,,0.3435915410518646,,,,,,,,,,,,,,,,,,
17,709,,0.012562476098537445,,0.014507528394460678,,0.02306876890361309,,0.0,,0.13413003087043762,,1.0,,0.33197468519210815,,,0.0,0.0,,0.0001012086431728676,,203.67630004882812,,0.20709726214408875,,0.4496820271015167,,,1.308363914489746,,1.0,,0.4113471508026123,,,,,,,,,,,,,,,,,,
17,719,,0.017977282404899597,,0.0019377530552446842,,0.01975526101887226,,0.0,,0.13248446583747864,,1.0,,0.32647207379341125,,,0.0,0.0,,3.5046494303969666e-05,,200.31686401367188,,0.2194630205631256,,0.41413742303848267,,,1.195507287979126,,1.0,,0.39499300718307495,,,,,,,,,,,,,,,,,,
17,729,,0.010337247513234615,,0.007043108809739351,,0.02233937755227089,,0.0,,0.12454590201377869,,1.0,,0.3164164423942566,,,0.0,0.0,,1.4847164493403398e-05,,202.6234130859375,,0.21430280804634094,,0.35822296142578125,,,1.2130566835403442,,1.0,,0.35946735739707947,,,,,,,,,,,,,,,,,,
17,737,,,,,,,,,,,,,,,,,,,,,,,,,,,,,,,,,,,0.01332426443696022,0.0100315622985363,0.024807842448353767,0.0,0.14361299574375153,1.0,0.3229922354221344,0.0,0.0,3.2910556910792366e-05,204.34703063964844,0.1891995221376419,0.5152027010917664,1.213943362236023,2.3665099143981934,1.0,0.4381827414035797
17,737,0.012363700196146965,,0.007492586504667997,,0.020901745185256004,,0.0,,0.13104526698589325,,1.0,,0.3231816291809082,,0.0,0.0,,,6.560838664881885e-05,,202.9708251953125,,0.21258516609668732,,0.37433499097824097,,1.2282273769378662,1.9815163612365723,,1.0,,0.37103378772735596,,0.22756034135818481,,,,,,,,,,,,,,,,,
18,739,,0.009903559461236,,0.008017328567802906,,0.01797935552895069,,0.0,,0.10548761487007141,,1.0,,0.32267874479293823,,,0.0,0.0,,3.613010676417616e-06,,206.05223083496094,,0.21246019005775452,,0.3671833276748657,,,1.213684320449829,,1.0,,0.353325754404068,,,,,,,,,,,,,,,,,,
18,749,,0.011466112919151783,,0.004086964763700962,,0.01955319568514824,,0.0,,0.1341191977262497,,1.0,,0.3138505816459656,,,0.0,0.0,,2.6707206416176632e-05,,205.3920135498047,,0.20600417256355286,,0.3407648503780365,,,1.3253986835479736,,1.0,,0.35018932819366455,,,,,,,,,,,,,,,,,,
18,759,,0.01197810098528862,,0.007830390706658363,,0.020583659410476685,,0.0,,0.1460963487625122,,1.0,,0.3336160480976105,,,0.0,0.0,,0.00015621916099917144,,207.8824462890625,,0.21380510926246643,,0.3835175037384033,,,1.215556025505066,,1.0,,0.38375020027160645,,,,,,,,,,,,,,,,,,
18,769,,0.01136394590139389,,0.003801042679697275,,0.023297898471355438,,0.0,,0.1072382926940918,,1.0,,0.316453754901886,,,0.0,0.0,,1.4212852875061799e-05,,200.24691772460938,,0.22503463923931122,,0.34377697110176086,,,1.2667912244796753,,1.0,,0.34794434905052185,,,,,,,,,,,,,,,,,,
18,778,,,,,,,,,,,,,,,,,,,,,,,,,,,,,,,,,,,0.013027029111981392,0.010347027331590652,0.024251243099570274,0.0,0.14196836948394775,1.0,0.3329239785671234,0.0,0.0,0.00017978675896301866,203.7155303955078,0.18905524909496307,0.4954126477241516,1.214725136756897,2.3664002418518066,1.0,0.4274201989173889
18,778,0.011752947233617306,,0.007232034578919411,,0.021450653672218323,,0.0,,0.1254803091287613,,1.0,,0.32298874855041504,,0.0,0.0,,,6.384316657204181e-05,,202.97842407226562,,0.21008770167827606,,0.3581875264644623,,1.2272298336029053,1.9817988872528076,,1.0,,0.35854727029800415,,0.22732974588871002,,,,,,,,,,,,,,,,,
19,779,,0.01364582497626543,,0.007222004234790802,,0.02102470025420189,,0.0,,0.11876842379570007,,1.0,,0.3413930833339691,,,0.0,0.0,,0.00040202238596975803,,211.1752166748047,,0.20649167895317078,,0.45091715455055237,,,1.2474329471588135,,1.0,,0.40082603693008423,,,,,,,,,,,,,,,,,,
19,789,,0.013129495084285736,,0.00655663525685668,,0.02140515297651291,,0.0,,0.1109413132071495,,1.0,,0.32579001784324646,,,0.0,0.0,,1.9885548681486398e-05,,196.7410125732422,,0.20995476841926575,,0.348850280046463,,,1.1651551723480225,,1.0,,0.3468667268753052,,,,,,,,,,,,,,,,,,
19,799,,0.013469353318214417,,0.004089628346264362,,0.018464405089616776,,0.0,,0.12786918878555298,,1.0,,0.33020925521850586,,,0.0,0.0,,0.00010242806456517428,,203.8140106201172,,0.20655860006809235,,0.355535089969635,,,1.3125672340393066,,1.0,,0.35565856099128723,,,,,,,,,,,,,,,,,,
19,809,,0.009945832192897797,,0.0060235741548240185,,0.022249341011047363,,0.0,,0.12082154303789139,,1.0,,0.32029590010643005,,,0.0,0.0,,1.744562041494646e-07,,198.73753356933594,,0.22073663771152496,,0.30738839507102966,,,1.107069492340088,,1.0,,0.33468303084373474,,,,,,,,,,,,,,,,,,
19,819,,0.011767287738621235,,0.010525504127144814,,0.024095866829156876,,0.0,,0.1381538361310959,,1.0,,0.3189924955368042,,,0.0,0.0,,2.6818568699127354e-08,,204.71641540527344,,0.2014661580324173,,0.3599185645580292,,,1.3358970880508423,,1.0,,0.3633252680301666,,,,,,,,,,,,,,,,,,
19,819,,,,,,,,,,,,,,,,,,,,,,,,,,,,,,,,,,,0.013044384308159351,0.00959882140159607,0.024762187153100967,0.0,0.15019835531711578,1.0,0.3201436996459961,0.0,0.0,1.6855510693858378e-05,204.1450653076172,0.18819940090179443,0.48869574069976807,1.2179268598556519,2.367213726043701,1.0,0.4273529648780823
19,819,0.011626130901277065,,0.007329683285206556,,0.02047204039990902,,0.0,,0.12465563416481018,,1.0,,0.3243107199668884,,0.0,0.0,,,0.00010513566667214036,,202.9458770751953,,0.2088208943605423,,0.3411453664302826,,1.2293074131011963,1.9825372695922852,,1.0,,0.3488886058330536,,0.22871838510036469,,,,,,,,,,,,,,,,,
20,829,,0.009383953176438808,,0.006288706324994564,,0.019688792526721954,,0.0,,0.12176812440156937,,1.0,,0.33764106035232544,,,0.0,0.0,,0.00025800958974286914,,203.9151611328125,,0.21544858813285828,,0.3247207701206207,,,1.2887415885925293,,1.0,,0.3409029543399811,,,,,,,,,,,,,,,,,,
20,839,,0.010539904236793518,,0.005673639010637999,,0.020887218415737152,,0.0,,0.11569644510746002,,1.0,,0.3265061378479004,,,0.0,0.0,,4.074880052939989e-05,,202.0765380859375,,0.20941202342510223,,0.27334821224212646,,,1.2659862041473389,,1.0,,0.30944421887397766,,,,,,,,,,,,,,,,,,
20,849,,0.011894557625055313,,0.007348196115344763,,0.020190546289086342,,0.0,,0.12929494678974152,,1.0,,0.3215910792350769,,,0.0,0.0,,1.1558803407751839e-06,,200.8649139404297,,0.20788127183914185,,0.3097386658191681,,,1.1307356357574463,,1.0,,0.33509841561317444,,,,,,,,,,,,,,,,,,
20,859,,0.0099147604778409,,0.008424836210906506,,0.02105884999036789,,0.0,,0.11599224805831909,,1.0,,0.32479026913642883,,,0.0,0.0,,1.4898424524290022e-05,,209.81094360351562,,0.20393449068069458,,0.34120532870292664,,,1.2089818716049194,,1.0,,0.3418491780757904,,,,,,,,,,,,,,,,,,
20,860,,,,,,,,,,,,,,,,,,,,,,,,,,,,,,,,,,,0.013108093291521072,0.01156650297343731,0.023822112008929253,0.0,0.14073292911052704,1.0,0.32417622208595276,0.0,0.0,6.720962846884504e-05,203.51258850097656,0.18712976574897766,0.49023836851119995,1.2180663347244263,2.367629289627075,1.0,0.4238036274909973
20,860,0.011057217605412006,,0.007712061982601881,,0.020765366032719612,,0.0,,0.12115687876939774,,1.0,,0.3225444555282593,,0.0,0.0,,,4.947440538671799e-05,,203.0124053955078,,0.20780016481876373,,0.3168259561061859,,1.2286157608032227,1.9824843406677246,,1.0,,0.33437737822532654,,0.22709329426288605,,,,,,,,,,,,,,,,,
21,869,,0.010889966040849686,,0.007370213977992535,,0.02028925158083439,,0.0,,0.12554089725017548,,1.0,,0.30944937467575073,,,0.0,0.0,,0.00010436356387799606,,202.5570068359375,,0.20405584573745728,,0.3021332621574402,,,1.2138241529464722,,1.0,,0.3270762264728546,,,,,,,,,,,,,,,,,,
21,879,,0.01111074723303318,,0.011789349839091301,,0.02130201831459999,,0.0,,0.1085626482963562,,1.0,,0.326455295085907,,,0.0,0.0,,2.7469712222227827e-05,,201.26840209960938,,0.2098132073879242,,0.35474875569343567,,,1.373924970626831,,1.0,,0.3501562774181366,,,,,,,,,,,,,,,,,,
21,889,,0.01257801428437233,,0.00528361601755023,,0.021252112463116646,,0.0,,0.14541207253932953,,1.0,,0.3282237946987152,,,0.0,0.0,,5.757479084422812e-05,,197.4912109375,,0.2132740616798401,,0.38689595460891724,,,1.2479631900787354,,1.0,,0.38387584686279297,,,,,,,,,,,,,,,,,,
21,899,,0.009777916595339775,,0.005868921056389809,,0.019135979935526848,,0.0,,0.09565584361553192,,1.0,,0.31854248046875,,,0.0,0.0,,2.0115960523980903e-06,,203.19140625,,0.2007845938205719,,0.318769633769989,,,1.2733469009399414,,1.0,,0.3173430562019348,,,,,,,,,,,,,,,,,,
21,901,,,,,,,,,,,,,,,,,,,,,,,,,,,,,,,,,,,0.012732354924082756,0.009915381669998169,0.024960150942206383,0.0,0.13792899250984192,1.0,0.32284870743751526,0.0,0.0,3.730634489329532e-05,204.24717712402344,0.186803936958313,0.49043968319892883,1.2148197889328003,2.36686110496521,1.0,0.4214248061180115
21,901,0.01134718582034111,,0.007391803897917271,,0.020693421363830566,,0.0,,0.1179862916469574,,1.0,,0.32302701473236084,,0.0,0.0,,,4.238203837303445e-05,,202.92845153808594,,0.20586402714252472,,0.29671505093574524,,1.2292464971542358,1.9797289371490479,,1.0,,0.3217427432537079,,0.2275010496377945,,,,,,,,,,,,,,,,,
22,909,,0.009587876498699188,,0.005807703826576471,,0.020487044006586075,,0.0,,0.11336110532283783,,1.0,,0.3201328217983246,,,0.0,0.0,,4.592636173583742e-07,,207.6556396484375,,0.20671862363815308,,0.24247129261493683,,,1.113753318786621,,1.0,,0.29102224111557007,,,,,,,,,,,,,,,,,,
22,919,,0.011788664385676384,,0.006557178683578968,,0.022423984482884407,,0.0,,0.13150803744792938,,1.0,,0.3193151354789734,,,0.0,0.0,,6.281324544943345e-07,,198.663330078125,,0.2079019993543625,,0.31382450461387634,,,1.242823839187622,,1.0,,0.33803290128707886,,,,,,,,,,,,,,,,,,
22,929,,0.012876199558377266,,0.010040991008281708,,0.0213757511228323,,0.0,,0.09882050007581711,,1.0,,0.32259634137153625,,,0.0,0.0,,2.0389518340380164e-06,,200.42845153808594,,0.20028141140937805,,0.2792676091194153,,,1.1236317157745361,,1.0,,0.30278193950653076,,,,,,,,,,,,,,,,,,
22,939,,0.009846259839832783,,0.004108569119125605,,0.018339091911911964,,0.0,,0.10661281645298004,,1.0,,0.32200852036476135,,,0.0,0.0,,8.586910553276539e-06,,205.15171813964844,,0.20144586265087128,,0.30196160078048706,,,1.1800336837768555,,1.0,,0.3138257563114166,,,,,,,,,,,,,,,,,,
22,942,,,,,,,,,,,,,,,,,,,,,,,,,,,,,,,,,,,0.01253831572830677,0.010180291719734669,0.024190958589315414,0.0,0.1358003169298172,1.0,0.3194584846496582,0.0,0.0,3.8620568375336006e-05,204.32054138183594,0.18973220884799957,0.47813117504119873,1.2205312252044678,2.368191719055176,1.0,0.4156295359134674
22,942,0.01079438254237175,,0.006983425468206406,,0.020563699305057526,,0.0,,0.11537466943264008,,1.0,,0.3242695927619934,,0.0,0.0,,,6.813265645178035e-05,,202.96878051757812,,0.2049551010131836,,0.2818438708782196,,1.2300218343734741,1.982483983039856,,1.0,,0.3120661675930023,,0.22867132723331451,,,,,,,,,,,,,,,,,
23,949,,0.008700773119926453,,0.009873759001493454,,0.02209906280040741,,0.0,,0.10366237908601761,,1.0,,0.3105037808418274,,,0.0,0.0,,8.752064604777843e-05,,204.3334197998047,,0.2010716199874878,,0.29994967579841614,,,1.1964938640594482,,1.0,,0.3138827681541443,,,,,,,,,,,,,,,,,,
23,959,,0.010623515583574772,,0.004148456268012524,,0.020438963547348976,,0.0,,0.13371431827545166,,1.0,,0.3271702826023102,,,0.0,0.0,,4.6020322770345956e-05,,204.66319274902344,,0.22215241193771362,,0.2413983941078186,,,1.2492120265960693,,1.0,,0.30808547139167786,,,,,,,,,,,,,,,,,,
23,969,,0.012372336350381374,,0.0073344772681593895,,0.018113600090146065,,0.0,,0.10332297533750534,,1.0,,0.3366392254829407,,,0.0,0.0,,0.00025639316299930215,,205.68612670898438,,0.21687352657318115,,0.2500138580799103,,,1.2266708612442017,,1.0,,0.29689815640449524,,,,,,,,,,,,,,,,,,
23,979,,0.011265117675065994,,0.026677146553993225,,0.018589284271001816,,0.0,,0.12512096762657166,,1.0,,0.3162607252597809,,,0.0,0.0,,2.1088666471769102e-05,,201.51651000976562,,0.200911283493042,,0.3661583364009857,,,1.1252368688583374,,1.0,,0.3669359087944031,,,,,,,,,,,,,,,,,,
23,983,,,,,,,,,,,,,,,,,,,,,,,,,,,,,,,,,,,0.012404349632561207,0.009912394918501377,0.0254689808934927,0.0,0.1360645443201065,1.0,0.32556962966918945,0.0,0.0,5.917601811233908e-05,203.85311889648438,0.18888916075229645,0.49038639664649963,1.2192637920379639,2.367791175842285,1.0,0.4214048683643341
23,983,0.010481249541044235,,0.006772163324058056,,0.020728202536702156,,0.0,,0.11289994418621063,,1.0,,0.3218810558319092,,0.0,0.0,,,5.9744244936155155e-05,,202.97508239746094,,0.20357553660869598,,0.26631706953048706,,1.2304657697677612,1.9831615686416626,,1.0,,0.3021256923675537,,0.22632354497909546,,,,,,,,,,,,,,,,,
24,989,,0.011192826554179192,,0.006421711761504412,,0.019494447857141495,,0.0,,0.11528224498033524,,1.0,,0.33508720993995667,,,0.0,0.0,,0.00021868852491024882,,194.6817626953125,,0.20601274073123932,,0.28134119510650635,,,1.1443965435028076,,1.0,,0.3121841251850128,,,,,,,,,,,,,,,,,,
24,999,,0.009856383316218853,,0.00934632495045662,,0.021100670099258423,,0.0,,0.12829294800758362,,1.0,,0.32472333312034607,,,0.0,0.0,,1.665416311880108e-05,,197.2015838623047,,0.20733442902565002,,0.2542308270931244,,,1.2479372024536133,,1.0,,0.3066488206386566,,,,,,,,,,,,,,,,,,
24,1009,,0.016821004450321198,,0.005063295364379883,,0.020085040479898453,,0.0,,0.11470511555671692,,1.0,,0.31806546449661255,,,0.0,0.0,,2.3072539079294074e-06,,204.78665161132812,,0.1971094161272049,,0.27710407972335815,,,1.2840644121170044,,1.0,,0.3074111044406891,,,,,,,,,,,,,,,,,,
24,1019,,0.00788738951086998,,0.009888295084238052,,0.018094614148139954,,0.0,,0.1017785519361496,,1.0,,0.3209587037563324,,,0.0,0.0,,3.3738354332513154e-09,,203.19781494140625,,0.1958247721195221,,0.21538138389587402,,,1.3553717136383057,,1.0,,0.2671896517276764,,,,,,,,,,,,,,,,,,
24,1024,,,,,,,,,,,,,,,,,,,,,,,,,,,,,,,,,,,0.012290095910429955,0.009991327300667763,0.024527987465262413,0.0,0.1345652937889099,1.0,0.3315252959728241,0.0,0.0,0.00017983636644203216,203.8031005859375,0.1857539862394333,0.4543202519416809,1.222595453262329,2.368985891342163,1.0,0.4010031521320343
24,1024,0.010250094346702099,,0.006648419890552759,,0.020532019436359406,,0.0,,0.10907062888145447,,1.0,,0.3235686123371124,,0.0,0.0,,,6.575746374437585e-05,,202.9656982421875,,0.2001878023147583,,0.2546509802341461,,1.2330148220062256,1.984264612197876,,1.0,,0.29249003529548645,,0.22797998785972595,,,,,,,,,,,,,,,,,
25,1029,,0.008557170629501343,,0.011230888776481152,,0.018674038350582123,,0.0,,0.1314883828163147,,1.0,,0.3094450831413269,,,0.0,0.0,,0.00011428031575633213,,199.6777801513672,,0.1994195580482483,,0.21816430985927582,,,1.1793304681777954,,1.0,,0.2863546907901764,,,,,,,,,,,,,,,,,,
25,1039,,0.007703306153416634,,0.003533701179549098,,0.019977156072854996,,0.0,,0.11211404949426651,,1.0,,0.3276463449001312,,,0.0,0.0,,4.2688810935942456e-05,,199.03085327148438,,0.20800372958183289,,0.2734507620334625,,,1.356972098350525,,1.0,,0.3044218420982361,,,,,,,,,,,,,,,,,,
25,1049,,0.010251959785819054,,0.0024161669425666332,,0.018582791090011597,,0.0,,0.10921045392751694,,1.0,,0.33002176880836487,,,0.0,0.0,,8.624891779618338e-05,,203.98411560058594,,0.20518672466278076,,0.255109965801239,,,1.3673615455627441,,1.0,,0.2929890751838684,,,,,,,,,,,,,,,,,,
25,1059,,0.011502422392368317,,0.005275087431073189,,0.022621281445026398,,0.0,,0.12147242575883865,,1.0,,0.3226779103279114,,,0.0,0.0,,3.4093136491719633e-06,,204.77822875976562,,0.20102424919605255,,0.2565251886844635,,,1.152857780456543,,1.0,,0.30016350746154785,,,,,,,,,,,,,,,,,,
25,1065,,,,,,,,,,,,,,,,,,,,,,,,,,,,,,,,,,,0.012111054733395576,0.010713226161897182,0.02432076819241047,0.0,0.1341571807861328,1.0,0.33089521527290344,0.0,0.0,0.00012521918688435107,204.35462951660156,0.18270012736320496,0.4764765202999115,1.2239019870758057,2.368786096572876,1.0,0.41057372093200684
25,1065,0.010009052231907845,,0.006637723185122013,,0.02026195079088211,,0.0,,0.10868798196315765,,1.0,,0.3229670524597168,,0.0,0.0,,,8.432863251073286e-05,,202.923828125,,0.19874940812587738,,0.24931012094020844,,1.23703932762146,1.9849635362625122,,1.0,,0.28876546025276184,,0.2274734377861023,,,,,,,,,,,,,,,,,
26,1069,,0.011801628395915031,,0.004486488178372383,,0.017770476639270782,,0.0,,0.1053231880068779,,1.0,,0.3180077373981476,,,0.0,0.0,,3.57493081537541e-06,,202.77978515625,,0.20157603919506073,,0.2634320557117462,,,1.2644624710083008,,1.0,,0.2950885593891144,,,,,,,,,,,,,,,,,,
26,1079,,0.009031168185174465,,0.0017336464952677488,,0.02134288288652897,,0.0,,0.0961042121052742,,1.0,,0.30985841155052185,,,0.0,0.0,,0.000111549292341806,,208.7593231201172,,0.1973397433757782,,0.23250092566013336,,,1.299828052520752,,1.0,,0.2705449163913727,,,,,,,,,,,,,,,,,,
26,1089,,0.009099919348955154,,0.003790474496781826,,0.018928108736872673,,0.0,,0.12146208435297012,,1.0,,0.3290535807609558,,,0.0,0.0,,7.593363261548802e-05,,195.89682006835938,,0.20172888040542603,,0.20588040351867676,,,1.36273193359375,,1.0,,0.2729116678237915,,,,,,,,,,,,,,,,,,
26,1099,,0.007770096883177757,,0.008503762073814869,,0.018809454515576363,,0.0,,0.10959398746490479,,1.0,,0.3188350796699524,,,0.0,0.0,,4.998668501343673e-08,,215.32260131835938,,0.19425949454307556,,0.239059180021286,,,1.2796542644500732,,1.0,,0.281474232673645,,,,,,,,,,,,,,,,,,
26,1106,,,,,,,,,,,,,,,,,,,,,,,,,,,,,,,,,,,0.012145405635237694,0.009453732520341873,0.023275282233953476,0.0,0.13143512606620789,1.0,0.32798218727111816,0.0,0.0,8.699659520061687e-05,204.1553955078125,0.1844550520181656,0.4616832733154297,1.228588581085205,2.370166540145874,1.0,0.40195736289024353
26,1106,0.009757931344211102,,0.0063531240448355675,,0.019758202135562897,,0.0,,0.10750319063663483,,1.0,,0.32325389981269836,,0.0,0.0,,,6.159378244774416e-05,,202.98361206054688,,0.19886909425258636,,0.2328559160232544,,1.2388616800308228,1.9849375486373901,,1.0,,0.27967625856399536,,0.22795142233371735,,,,,,,,,,,,,,,,,
27,1109,,0.010324195958673954,,0.005700150039047003,,0.01822149008512497,,0.0,,0.11309413611888885,,1.0,,0.3216096758842468,,,0.0,0.0,,4.278896540199639e-06,,197.431884765625,,0.19976910948753357,,0.2177734524011612,,,1.1406667232513428,,1.0,,0.27515482902526855,,,,,,,,,,,,,,,,,,
27,1119,,0.008158432319760323,,0.006162917707115412,,0.019616249948740005,,0.0,,0.10418816655874252,,1.0,,0.3314567506313324,,,0.0,0.0,,0.00011698215530486777,,198.36485290527344,,0.1996060311794281,,0.2056887298822403,,,1.1846683025360107,,1.0,,0.2639222741127014,,,,,,,,,,,,,,,,,,
27,1129,,0.008390822447836399,,0.010531668551266193,,0.01695844903588295,,0.0,,0.10248713940382004,,1.0,,0.3200984001159668,,,0.0,0.0,,2.6179716883234505e-07,,197.7908172607422,,0.20003098249435425,,0.19732436537742615,,,1.2279067039489746,,1.0,,0.26107844710350037,,,,,,,,,,,,,,,,,,
27,1139,,0.011723213829100132,,0.005428366828709841,,0.019580619409680367,,0.0,,0.10659951716661453,,1.0,,0.3268319070339203,,,0.0,0.0,,3.446091795922257e-05,,202.63623046875,,0.20140834152698517,,0.22434136271476746,,,1.1848258972167969,,1.0,,0.2767256796360016,,,,,,,,,,,,,,,,,,
27,1147,,,,,,,,,,,,,,,,,,,,,,,,,,,,,,,,,,,0.011797233484685421,0.00967791210860014,0.023900099098682404,0.0,0.1321006715297699,1.0,0.32911795377731323,0.0,0.0,0.00010450088302604854,204.0664825439453,0.1863301545381546,0.4734627902507782,1.2340459823608398,2.3718862533569336,1.0,0.4091266393661499
27,1147,0.009459618479013443,,0.006138479337096214,,0.019600098952651024,,0.0,,0.10353289544582367,,1.0,,0.32250308990478516,,0.0,0.0,,,5.130078352522105e-05,,202.92901611328125,,0.19729489088058472,,0.21547392010688782,,1.2419142723083496,1.9862638711929321,,1.0,,0.2679356038570404,,0.22725896537303925,,,,,,,,,,,,,,,,,
28,1149,,0.008696731179952621,,0.0039458079263567924,,0.01692664623260498,,0.0,,0.10661210864782333,,1.0,,0.3196031451225281,,,0.0,0.0,,1.213749953876686e-07,,195.6458740234375,,0.1927652359008789,,0.20429745316505432,,,1.2257697582244873,,1.0,,0.2598513960838318,,,,,,,,,,,,,,,,,,
28,1159,,0.009150980971753597,,0.00526930158957839,,0.018737658858299255,,0.0,,0.09808303415775299,,1.0,,0.3278001546859741,,,0.0,0.0,,3.572761488612741e-05,,198.05142211914062,,0.1926470845937729,,0.2605132460594177,,,1.194244623184204,,1.0,,0.2847234308719635,,,,,,,,,,,,,,,,,,
28,1169,,0.010875394567847252,,0.003834502538666129,,0.020232990384101868,,0.0,,0.10153985768556595,,1.0,,0.3277398943901062,,,0.0,0.0,,5.496405719895847e-05,,199.5821533203125,,0.1982726901769638,,0.21146240830421448,,,1.4265129566192627,,1.0,,0.2650431990623474,,,,,,,,,,,,,,,,,,
28,1179,,0.00806716363877058,,0.008856799453496933,,0.020291149616241455,,0.0,,0.10825148224830627,,1.0,,0.3254018723964691,,,0.0,0.0,,3.0553874239558354e-05,,198.577880859375,,0.19255569577217102,,0.2137332409620285,,,1.6127307415008545,,1.0,,0.26777657866477966,,,,,,,,,,,,,,,,,,
28,1188,,,,,,,,,,,,,,,,,,,,,,,,,,,,,,,,,,,0.011825308203697205,0.00987505167722702,0.02370416186749935,0.0,0.12919802963733673,1.0,0.31651821732521057,0.0,0.0,4.776616333401762e-05,203.9093017578125,0.1812286078929901,0.4500855505466461,1.2307217121124268,2.3702361583709717,1.0,0.39350053668022156
28,1188,0.009031376801431179,,0.006091882009059191,,0.01948094367980957,,0.0,,0.10246766358613968,,1.0,,0.32315120100975037,,0.0,0.0,,,4.5098786358721554e-05,,202.93988037109375,,0.19527560472488403,,0.20387549698352814,,1.2439062595367432,1.9862151145935059,,1.0,,0.2603416442871094,,0.227906733751297,,,,,,,,,,,,,,,,,
29,1189,,0.007422153372317553,,0.002317283768206835,,0.021156227216124535,,0.0,,0.08547364920377731,,1.0,,0.3104225993156433,,,0.0,0.0,,9.063255856744945e-05,,205.593994140625,,0.1959405541419983,,0.17408519983291626,,,1.2500089406967163,,1.0,,0.23478035628795624,,,,,,,,,,,,,,,,,,
29,1199,,0.009894629009068012,,0.004126265645027161,,0.019936449825763702,,0.0,,0.08898897469043732,,1.0,,0.3332037031650543,,,0.0,0.0,,0.00014449704030994326,,199.7684783935547,,0.19049346446990967,,0.19553528726100922,,,1.2099599838256836,,1.0,,0.2465852051973343,,,,,,,,,,,,,,,,,,
29,1209,,0.008552243933081627,,0.0041136066429317,,0.017736580222845078,,0.0,,0.1173604279756546,,1.0,,0.3147669732570648,,,0.0,0.0,,2.4843437131494284e-05,,205.0205535888672,,0.1936994045972824,,0.20089519023895264,,,1.1765575408935547,,1.0,,0.26409652829170227,,,,,,,,,,,,,,,,,,
29,1219,,0.008173136971890926,,0.007635136134922504,,0.018230929970741272,,0.0,,0.09133017063140869,,1.0,,0.32384929060935974,,,0.0,0.0,,8.313591933983844e-06,,205.59918212890625,,0.1952175498008728,,0.19075283408164978,,,1.3484392166137695,,1.0,,0.24838167428970337,,,,,,,,,,,,,,,,,,
29,1229,,0.008632799610495567,,0.003061613766476512,,0.02023479714989662,,0.0,,0.0909876674413681,,1.0,,0.3324721157550812,,,0.0,0.0,,0.00013218833191785961,,214.24169921875,,0.19533692300319672,,0.2169649600982666,,,1.201124668121338,,1.0,,0.2595815360546112,,,,,,,,,,,,,,,,,,
29,1229,,,,,,,,,,,,,,,,,,,,,,,,,,,,,,,,,,,0.011584613472223282,0.010958941653370857,0.02310577966272831,0.0,0.12774649262428284,1.0,0.3303063213825226,0.0,0.0,0.00014398382336366922,203.7138214111328,0.18440550565719604,0.4452691972255707,1.2323273420333862,2.3707804679870605,1.0,0.3923649489879608
29,1229,0.009201816283166409,,0.006167364772409201,,0.019345011562108994,,0.0,,0.09834039211273193,,1.0,,0.32242071628570557,,0.0,0.0,,,4.958522185916081e-05,,202.95103454589844,,0.1945844441652298,,0.19158931076526642,,1.2451300621032715,1.9875106811523438,,1.0,,0.25190094113349915,,0.22712010145187378,,,,,,,,,,,,,,,,,
30,1239,,0.008826701901853085,,0.006552624981850386,,0.017906665802001953,,0.0,,0.09136129915714264,,1.0,,0.32250040769577026,,,0.0,0.0,,5.328841325535905e-06,,204.3612060546875,,0.18767064809799194,,0.14435333013534546,,,1.1703592538833618,,1.0,,0.2211756408214569,,,,,,,,,,,,,,,,,,
30,1249,,0.008121233433485031,,0.0023331432603299618,,0.018716098740696907,,0.0,,0.09025613963603973,,1.0,,0.33232104778289795,,,0.0,0.0,,0.00013358108117245138,,204.6940155029297,,0.18748201429843903,,0.17225497961044312,,,1.3853802680969238,,1.0,,0.23216214776039124,,,,,,,,,,,,,,,,,,
30,1259,,0.006801715586334467,,0.006538807414472103,,0.017498888075351715,,0.0,,0.10864480584859848,,1.0,,0.30703189969062805,,,0.0,0.0,,0.00017793403821997344,,206.99795532226562,,0.19210626184940338,,0.1813240796327591,,,1.1902104616165161,,1.0,,0.24954667687416077,,,,,,,,,,,,,,,,,,
30,1269,,0.008763633668422699,,0.004033115226775408,,0.018939552828669548,,0.0,,0.10873924195766449,,1.0,,0.32077962160110474,,,0.0,0.0,,7.585418302369362e-07,,203.2817840576172,,0.19020789861679077,,0.169476717710495,,,1.1864945888519287,,1.0,,0.24250464141368866,,,,,,,,,,,,,,,,,,
30,1270,,,,,,,,,,,,,,,,,,,,,,,,,,,,,,,,,,,0.011572334915399551,0.009954158216714859,0.023344602435827255,0.0,0.1330036073923111,1.0,0.3300864100456238,0.0,0.0,0.00021123811893630773,204.0569610595703,0.1831245720386505,0.441170334815979,1.234923243522644,2.3722012042999268,1.0,0.39185258746147156
30,1270,0.008837331086397171,,0.00605920422822237,,0.019082533195614815,,0.0,,0.09972158074378967,,1.0,,0.3227854371070862,,0.0,0.0,,,5.093265281175263e-05,,202.96484375,,0.19351452589035034,,0.184322327375412,,1.248833179473877,1.988332748413086,,1.0,,0.2481611967086792,,0.2274136245250702,,,,,,,,,,,,,,,,,
31,1279,,0.01045539602637291,,0.0053205350413918495,,0.019547883421182632,,0.0,,0.10215494781732559,,1.0,,0.31690463423728943,,,0.0,0.0,,6.773718268959783e-06,,204.12261962890625,,0.19922930002212524,,0.2058328241109848,,,1.2171380519866943,,1.0,,0.26345470547676086,,,,,,,,,,,,,,,,,,
31,1289,,0.009847997687757015,,0.004895005375146866,,0.020801465958356857,,0.0,,0.09926856309175491,,1.0,,0.3296809196472168,,,0.0,0.0,,7.813418051227927e-05,,197.74656677246094,,0.1903688907623291,,0.18312805891036987,,,1.209465503692627,,1.0,,0.24587346613407135,,,,,,,,,,,,,,,,,,
31,1299,,0.008507756516337395,,0.0028388085775077343,,0.01937832497060299,,0.0,,0.09175629168748856,,1.0,,0.3306505084037781,,,0.0,0.0,,0.00010320681030862033,,199.7908172607422,,0.19528242945671082,,0.19978675246238708,,,1.2277220487594604,,1.0,,0.25107547640800476,,,,,,,,,,,,,,,,,,
31,1309,,0.006742663681507111,,0.0072981310077011585,,0.01911548152565956,,0.0,,0.10234668850898743,,1.0,,0.3243003785610199,,,0.0,0.0,,1.9745322788367048e-05,,209.31655883789062,,0.1870705634355545,,0.15053080022335052,,,1.18765389919281,,1.0,,0.22891587018966675,,,,,,,,,,,,,,,,,,
31,1311,,,,,,,,,,,,,,,,,,,,,,,,,,,,,,,,,,,0.01157643087208271,0.010194990783929825,0.022700905799865723,0.0,0.13672569394111633,1.0,0.3265807032585144,0.0,0.0,9.183355723507702e-05,204.01194763183594,0.1805598884820938,0.43399813771247864,1.2390342950820923,2.372872829437256,1.0,0.3888436257839203
31,1311,0.008829439990222454,,0.0057889120653271675,,0.018481895327568054,,0.0,,0.09910479933023453,,1.0,,0.32354849576950073,,0.0,0.0,,,7.808434747857973e-05,,202.9689178466797,,0.19249463081359863,,0.17662344872951508,,1.2533220052719116,1.9889947175979614,,1.0,,0.24330782890319824,,0.22822806239128113,,,,,,,,,,,,,,,,,
32,1319,,0.00916337314993143,,0.010250302962958813,,0.018205419182777405,,0.0,,0.12064702063798904,,1.0,,0.312177836894989,,,0.0,0.0,,5.958173642284237e-05,,201.36105346679688,,0.19287358224391937,,0.16915839910507202,,,1.4045112133026123,,1.0,,0.2528966963291168,,,,,,,,,,,,,,,,,,
32,1329,,0.008482180535793304,,0.003493191674351692,,0.0168746430426836,,0.0,,0.09945914149284363,,1.0,,0.3136119842529297,,,0.0,0.0,,4.8781188525026664e-05,,201.42083740234375,,0.1879163235425949,,0.16874361038208008,,,1.3521993160247803,,1.0,,0.23575907945632935,,,,,,,,,,,,,,,,,,
32,1339,,0.007668156176805496,,0.00485205976292491,,0.01773635298013687,,0.0,,0.08842790126800537,,1.0,,0.33896520733833313,,,0.0,0.0,,0.00030660416814498603,,199.3336639404297,,0.18934528529644012,,0.16732436418533325,,,1.3426843881607056,,1.0,,0.23073583841323853,,,,,,,,,,,,,,,,,,
32,1349,,0.007307427003979683,,0.006221683695912361,,0.01997944712638855,,0.0,,0.0865946114063263,,1.0,,0.3230362832546234,,,0.0,0.0,,9.206124559568707e-06,,200.77352905273438,,0.1867532730102539,,0.16831839084625244,,,1.2387741804122925,,1.0,,0.22960025072097778,,,,,,,,,,,,,,,,,,
32,1352,,,,,,,,,,,,,,,,,,,,,,,,,,,,,,,,,,,0.01148789469152689,0.010595476254820824,0.022149154916405678,0.0,0.12894307076931,1.0,0.32830774784088135,0.0,0.0,0.00012413259537424892,203.74142456054688,0.1795874685049057,0.48535922169685364,1.2485120296478271,2.3756415843963623,1.0,0.4102635681629181
32,1352,0.008357950486242771,,0.005829147528856993,,0.018439913168549538,,0.0,,0.09444929659366608,,1.0,,0.3213001489639282,,0.0,0.0,,,9.440707799512893e-05,,202.9628143310547,,0.19140203297138214,,0.16617560386657715,,1.2549242973327637,1.9899163246154785,,1.0,,0.2349981963634491,,0.22617509961128235,,,,,,,,,,,,,,,,,
33,1359,,0.008119117468595505,,0.00658273883163929,,0.01892237365245819,,0.0,,0.08235151320695877,,1.0,,0.3200288712978363,,,0.0,0.0,,8.399647981605085e-07,,194.11691284179688,,0.190818190574646,,0.1315697878599167,,,1.275916576385498,,1.0,,0.21161332726478577,,,,,,,,,,,,,,,,,,
33,1369,,0.0071419607847929,,0.0028785811737179756,,0.01962045207619667,,0.0,,0.09255857765674591,,1.0,,0.31510618329048157,,,0.0,0.0,,1.4910850950400345e-05,,203.62606811523438,,0.19388027489185333,,0.15169186890125275,,,1.1827919483184814,,1.0,,0.22604511678218842,,,,,,,,,,,,,,,,,,
33,1379,,0.01011187769472599,,0.005228814668953419,,0.019123965874314308,,0.0,,0.11086854338645935,,1.0,,0.32098037004470825,,,0.0,0.0,,1.2119431858081953e-06,,200.40292358398438,,0.19075366854667664,,0.17092549800872803,,,1.4564208984375,,1.0,,0.24585720896720886,,,,,,,,,,,,,,,,,,
33,1389,,0.010332223027944565,,0.0038580340333282948,,0.018648475408554077,,0.0,,0.07722893357276917,,1.0,,0.3335695266723633,,,0.0,0.0,,0.00015457930567208678,,213.46530151367188,,0.18661276996135712,,0.13202935457229614,,,1.2126240730285645,,1.0,,0.20697279274463654,,,,,,,,,,,,,,,,,,
33,1393,,,,,,,,,,,,,,,,,,,,,,,,,,,,,,,,,,,0.01129045058041811,0.01042840164154768,0.0220866110175848,0.0,0.13061274588108063,1.0,0.32152554392814636,0.0,0.0,3.581702912924811e-05,203.96188354492188,0.1795073300600052,0.43274906277656555,1.242380142211914,2.3742330074310303,1.0,0.3845205307006836
33,1393,0.008234953507781029,,0.005493277218192816,,0.018224719911813736,,0.0,,0.09246378391981125,,1.0,,0.3232729136943817,,0.0,0.0,,,3.791028575506061e-05,,202.91354370117188,,0.19042924046516418,,0.15893113613128662,,1.2587610483169556,1.990132212638855,,1.0,,0.2296176552772522,,0.2282770276069641,,,,,,,,,,,,,,,,,
34,1399,,0.01209651306271553,,0.0025564851239323616,,0.016134224832057953,,0.0,,0.07799666374921799,,1.0,,0.3184677064418793,,,0.0,0.0,,8.771592092671199e-07,,201.00877380371094,,0.195845365524292,,0.15032510459423065,,,1.2028547525405884,,1.0,,0.22102391719818115,,,,,,,,,,,,,,,,,,
34,1409,,0.00751854432746768,,0.00565820187330246,,0.01815292425453663,,0.0,,0.09071612358093262,,1.0,,0.33610057830810547,,,0.0,0.0,,0.0002255546860396862,,206.91036987304688,,0.1873607486486435,,0.14815419912338257,,,1.2954649925231934,,1.0,,0.2216319739818573,,,,,,,,,,,,,,,,,,
34,1419,,0.008260555565357208,,0.007472440600395203,,0.01834850385785103,,0.0,,0.08673436939716339,,1.0,,0.3193689286708832,,,0.0,0.0,,9.784256462808116e-07,,207.56686401367188,,0.1929648071527481,,0.18817487359046936,,,1.075387954711914,,1.0,,0.24363885819911957,,,,,,,,,,,,,,,,,,
34,1429,,0.008199474774301052,,0.009503685869276524,,0.015592526644468307,,0.0,,0.09279793500900269,,1.0,,0.32301005721092224,,,0.0,0.0,,1.0281396498612594e-05,,203.3507537841797,,0.1898820847272873,,0.1586652547121048,,,1.2848787307739258,,1.0,,0.23108863830566406,,,,,,,,,,,,,,,,,,
34,1434,,,,,,,,,,,,,,,,,,,,,,,,,,,,,,,,,,,0.011133136227726936,0.010646723210811615,0.020862367004156113,0.0,0.13582058250904083,1.0,0.3274793028831482,0.0,0.0,0.00012593783321790397,203.85147094726562,0.18074238300323486,0.462829053401947,1.2487658262252808,2.3769872188568115,1.0,0.40273517370224
34,1434,0.008168410509824753,,0.005416462663561106,,0.017436224967241287,,0.0,,0.09216330945491791,,1.0,,0.322801798582077,,0.0,0.0,,,6.637028127443045e-05,,202.9346923828125,,0.19047574698925018,,0.15327392518520355,,1.2619738578796387,1.9917210340499878,,1.0,,0.22652575373649597,,0.2276659905910492,,,,,,,,,,,,,,,,,
35,1439,,0.007054089568555355,,0.007535723503679037,,0.01733260042965412,,0.0,,0.08668024092912674,,1.0,,0.3170078992843628,,,0.0,0.0,,9.429272722627502e-06,,201.996337890625,,0.1929423213005066,,0.16620028018951416,,,1.2167491912841797,,1.0,,0.23194429278373718,,,,,,,,,,,,,,,,,,
35,1449,,0.011014395393431187,,0.006766276899725199,,0.018300674855709076,,0.0,,0.08628106117248535,,1.0,,0.33429402112960815,,,0.0,0.0,,0.00017039247904904187,,210.1927947998047,,0.19315028190612793,,0.13260327279567719,,,1.3306641578674316,,1.0,,0.21682292222976685,,,,,,,,,,,,,,,,,,
35,1459,,0.0081678731366992,,0.00531132472679019,,0.01916319690644741,,0.0,,0.09365960955619812,,1.0,,0.3115692138671875,,,0.0,0.0,,5.7661207392811775e-05,,192.88241577148438,,0.19356176257133484,,0.14859963953495026,,,1.1661677360534668,,1.0,,0.22659523785114288,,,,,,,,,,,,,,,,,,
35,1469,,0.007011257112026215,,0.011041315272450447,,0.015486519783735275,,0.0,,0.10728394985198975,,1.0,,0.3300814628601074,,,0.0,0.0,,8.7203094153665e-05,,206.5146942138672,,0.1812983602285385,,0.13748480379581451,,,1.1999471187591553,,1.0,,0.22365210950374603,,,,,,,,,,,,,,,,,,
35,1475,,,,,,,,,,,,,,,,,,,,,,,,,,,,,,,,,,,0.011097803711891174,0.012995325028896332,0.02158977836370468,0.0,0.12911084294319153,1.0,0.32248303294181824,0.0,0.0,3.3231815905310214e-05,203.2475128173828,0.1794164925813675,0.44500282406806946,1.248458743095398,2.3747217655181885,1.0,0.39098724722862244
35,1475,0.007902798242866993,,0.005650753621011972,,0.017293252050876617,,0.0,,0.09113774448633194,,1.0,,0.32153865694999695,,0.0,0.0,,,8.148423512466252e-05,,202.93814086914062,,0.1886412352323532,,0.1416182965040207,,1.2634809017181396,1.9921923875808716,,1.0,,0.21924550831317902,,0.2265264391899109,,,,,,,,,,,,,,,,,
36,1479,,0.011209351941943169,,0.0059276483952999115,,0.017738163471221924,,0.0,,0.07969412207603455,,1.0,,0.3270767331123352,,,0.0,0.0,,4.4255415559746325e-05,,203.56759643554688,,0.19712185859680176,,0.12253093719482422,,,1.1463253498077393,,1.0,,0.21003790199756622,,,,,,,,,,,,,,,,,,
36,1489,,0.0071046194061636925,,0.004916866309940815,,0.01807558536529541,,0.0,,0.08202134817838669,,1.0,,0.31788796186447144,,,0.0,0.0,,4.2086621760972776e-06,,208.2305145263672,,0.1864672303199768,,0.13684755563735962,,,1.3070484399795532,,1.0,,0.2104884684085846,,,,,,,,,,,,,,,,,,
36,1499,,0.012240784242749214,,0.004742131102830172,,0.017497170716524124,,0.0,,0.09168554097414017,,1.0,,0.30908203125,,,0.0,0.0,,0.00011164877651026472,,196.40957641601562,,0.18823662400245667,,0.13953864574432373,,,1.2696036100387573,,1.0,,0.22002741694450378,,,,,,,,,,,,,,,,,,
36,1509,,0.0069403997622430325,,0.005989647004753351,,0.01793879270553589,,0.0,,0.08475904166698456,,1.0,,0.3400859832763672,,,0.0,0.0,,0.0004203063726890832,,205.47727966308594,,0.18688568472862244,,0.13434544205665588,,,1.1664059162139893,,1.0,,0.21146412193775177,,,,,,,,,,,,,,,,,,
36,1516,,,,,,,,,,,,,,,,,,,,,,,,,,,,,,,,,,,0.011029845103621483,0.010085574351251125,0.021133990958333015,0.0,0.1295606642961502,1.0,0.3162856101989746,0.0,0.0,3.609199484344572e-05,204.03956604003906,0.17766037583351135,0.44290363788604736,1.2491624355316162,2.3763279914855957,1.0,0.3877514898777008
36,1516,0.007786473259329796,,0.005568697117269039,,0.01699247397482395,,0.0,,0.08747130632400513,,1.0,,0.32240745425224304,,0.0,0.0,,,9.689581202110276e-05,,202.99002075195312,,0.18782280385494232,,0.13344673812389374,,1.2662901878356934,1.992217779159546,,1.0,,0.2127957046031952,,0.2274198830127716,,,,,,,,,,,,,,,,,
37,1519,,0.007172254379838705,,0.008653461001813412,,0.01709217019379139,,0.0,,0.08385248482227325,,1.0,,0.317638099193573,,,0.0,0.0,,7.348056442424422e-06,,202.66390991210938,,0.18568405508995056,,0.12893599271774292,,,1.3084124326705933,,1.0,,0.2088620364665985,,,,,,,,,,,,,,,,,,
37,1529,,0.00837861467152834,,0.005242692306637764,,0.01589956507086754,,0.0,,0.07580795884132385,,1.0,,0.31499671936035156,,,0.0,0.0,,2.518476867408026e-05,,203.0037078857422,,0.18840748071670532,,0.15663281083106995,,,1.3645621538162231,,1.0,,0.21883733570575714,,,,,,,,,,,,,,,,,,
37,1539,,0.007354426197707653,,0.002839918015524745,,0.017231810837984085,,0.0,,0.08067896217107773,,1.0,,0.321432501077652,,,0.0,0.0,,4.123441613046452e-06,,197.47845458984375,,0.187395840883255,,0.1681370586156845,,,1.2473585605621338,,1.0,,0.2249283492565155,,,,,,,,,,,,,,,,,,
37,1549,,0.006703515071421862,,0.004176485817879438,,0.018583988770842552,,0.0,,0.09362030774354935,,1.0,,0.3346060812473297,,,0.0,0.0,,0.00020247460633981973,,208.353759765625,,0.18615637719631195,,0.14239105582237244,,,1.4784895181655884,,1.0,,0.21848352253437042,,,,,,,,,,,,,,,,,,
37,1557,,,,,,,,,,,,,,,,,,,,,,,,,,,,,,,,,,,0.011052320711314678,0.011112591251730919,0.02121974155306816,0.0,0.12428350001573563,1.0,0.32698529958724976,0.0,0.0,9.361322736367583e-05,203.61712646484375,0.18029247224330902,0.4297277331352234,1.2556194067001343,2.376936912536621,1.0,0.3804030418395996
37,1557,0.007751926314085722,,0.005116506479680538,,0.016845347359776497,,0.0,,0.08467098325490952,,1.0,,0.3216024935245514,,0.0,0.0,,,3.841294164885767e-05,,202.93678283691406,,0.18791048228740692,,0.1379961520433426,,1.2709887027740479,1.9931495189666748,,1.0,,0.21342670917510986,,0.2267833799123764,,,,,,,,,,,,,,,,,
38,1559,,0.006503496319055557,,0.004186863079667091,,0.016474025323987007,,0.0,,0.08891367167234421,,1.0,,0.3165440559387207,,,0.0,0.0,,6.917032351339003e-06,,212.86117553710938,,0.1861509084701538,,0.12248162180185318,,,1.2784397602081299,,1.0,,0.2057691365480423,,,,,,,,,,,,,,,,,,
38,1569,,0.007243449334055185,,0.0020053861662745476,,0.019460074603557587,,0.0,,0.08538912236690521,,1.0,,0.3169431686401367,,,0.0,0.0,,6.484455752797658e-06,,207.05206298828125,,0.19032280147075653,,0.11748448014259338,,,1.2571580410003662,,1.0,,0.20317187905311584,,,,,,,,,,,,,,,,,,
38,1579,,0.005990203469991684,,0.004187685437500477,,0.018394526094198227,,0.0,,0.08557266741991043,,1.0,,0.3369681239128113,,,0.0,0.0,,0.00025600247317925096,,198.867919921875,,0.187469482421875,,0.11480400711297989,,,1.1900789737701416,,1.0,,0.20097947120666504,,,,,,,,,,,,,,,,,,
38,1589,,0.006954518146812916,,0.01275300607085228,,0.01731707528233528,,0.0,,0.09077998250722885,,1.0,,0.32547178864479065,,,0.0,0.0,,2.873335142794531e-05,,203.06005859375,,0.18920396268367767,,0.14150719344615936,,,1.2844429016113281,,1.0,,0.22234541177749634,,,,,,,,,,,,,,,,,,
38,1598,,,,,,,,,,,,,,,,,,,,,,,,,,,,,,,,,,,0.011189431883394718,0.009690790437161922,0.021089956164360046,0.0,0.12584435939788818,1.0,0.32926371693611145,0.0,0.0,0.00012538788723759353,204.127197265625,0.17739064991474152,0.45443347096443176,1.2608410120010376,2.377807140350342,1.0,0.391446053981781
38,1598,0.007435675244778395,,0.0052461158484220505,,0.016670022159814835,,0.0,,0.08547326922416687,,1.0,,0.32197606563568115,,0.0,0.0,,,7.315211405511945e-05,,202.94674682617188,,0.18837231397628784,,0.12529854476451874,,1.2727925777435303,1.9937776327133179,,1.0,,0.20761655271053314,,0.22710739076137543,,,,,,,,,,,,,,,,,
39,1599,,0.009149035438895226,,0.008876930922269821,,0.014320077374577522,,0.0,,0.10341866314411163,,1.0,,0.32813671231269836,,,0.0,0.0,,6.789709732402116e-05,,205.1385498046875,,0.18506334722042084,,0.16915985941886902,,,1.270980715751648,,1.0,,0.23929986357688904,,,,,,,,,,,,,,,,,,
39,1609,,0.00938512571156025,,0.0032740787137299776,,0.017038770020008087,,0.0,,0.10904007405042648,,1.0,,0.32971468567848206,,,0.0,0.0,,0.00010012173879658803,,202.3179931640625,,0.18754786252975464,,0.13797903060913086,,,1.2475334405899048,,1.0,,0.22536703944206238,,,,,,,,,,,,,,,,,,
39,1619,,0.006970358546823263,,0.0057481443509459496,,0.017575455829501152,,0.0,,0.07938637584447861,,1.0,,0.32005852460861206,,,0.0,0.0,,2.0652990428970952e-07,,202.1724090576172,,0.1827688217163086,,0.12462242692708969,,,1.2813979387283325,,1.0,,0.20150572061538696,,,,,,,,,,,,,,,,,,
39,1629,,0.0075766295194625854,,0.005795118398964405,,0.016271639615297318,,0.0,,0.0718640685081482,,1.0,,0.32374095916748047,,,0.0,0.0,,1.7345062587992288e-05,,204.00157165527344,,0.18706761300563812,,0.11544491350650787,,,1.2617921829223633,,1.0,,0.19551002979278564,,,,,,,,,,,,,,,,,,
39,1639,,0.006733679212629795,,0.005619194824248552,,0.017945751547813416,,0.0,,0.06640023738145828,,1.0,,0.336885929107666,,,0.0,0.0,,0.00024840544210746884,,200.5167236328125,,0.18309181928634644,,0.1135837584733963,,,1.2958077192306519,,1.0,,0.18963313102722168,,,,,,,,,,,,,,,,,,
39,1639,,,,,,,,,,,,,,,,,,,,,,,,,,,,,,,,,,,0.011153635568916798,0.010387381538748741,0.020083431154489517,0.0,0.12916891276836395,1.0,0.32162266969680786,0.0,0.0,3.590870983316563e-05,204.28746032714844,0.17637969553470612,0.4409702718257904,1.264789342880249,2.379974842071533,1.0,0.38605624437332153
39,1639,0.007310737855732441,,0.004983729682862759,,0.01635928824543953,,0.0,,0.08354958146810532,,1.0,,0.3223307430744171,,0.0,0.0,,,5.1576564146671444e-05,,202.9510498046875,,0.18510498106479645,,0.12258616834878922,,1.275933861732483,1.9956990480422974,,1.0,,0.20342931151390076,,0.22762086987495422,,,,,,,,,,,,,,,,,
40,1649,,0.0064826346933841705,,0.0036209761165082455,,0.0170529056340456,,0.0,,0.08395826071500778,,1.0,,0.3183807134628296,,,0.0,0.0,,3.4995434816664783e-06,,201.24472045898438,,0.1792382150888443,,0.09675993770360947,,,1.2675414085388184,,1.0,,0.1867370456457138,,,,,,,,,,,,,,,,,,
40,1659,,0.006602490320801735,,0.0026103127747774124,,0.01656057871878147,,0.0,,0.08211354911327362,,1.0,,0.32086247205734253,,,0.0,0.0,,7.41687188110518e-07,,203.30772399902344,,0.1861160844564438,,0.12562230229377747,,,1.1010463237762451,,1.0,,0.20318880677223206,,,,,,,,,,,,,,,,,,
40,1669,,0.005512092262506485,,0.0033476329408586025,,0.01718125492334366,,0.0,,0.08763670921325684,,1.0,,0.3283444344997406,,,0.0,0.0,,6.845519237685949e-05,,205.15928649902344,,0.18645727634429932,,0.13343116641044617,,,1.272136926651001,,1.0,,0.20994478464126587,,,,,,,,,,,,,,,,,,
40,1679,,0.006431378424167633,,0.0037385979667305946,,0.016483375802636147,,0.0,,0.07568389922380447,,1.0,,0.3186374604701996,,,0.0,0.0,,2.3102620616555214e-07,,202.5203094482422,,0.18524661660194397,,0.12442126870155334,,,1.3209543228149414,,1.0,,0.1994093358516693,,,,,,,,,,,,,,,,,,
40,1680,,,,,,,,,,,,,,,,,,,,,,,,,,,,,,,,,,,0.010995711199939251,0.011519462801516056,0.018977470695972443,0.0,0.12597982585430145,1.0,0.3300902545452118,0.0,0.0,0.0001297283888561651,203.63058471679688,0.17663738131523132,0.43125084042549133,1.2644596099853516,2.380340337753296,1.0,0.38015425205230713
40,1680,0.007226697634905577,,0.00477655790746212,,0.01619773730635643,,0.0,,0.08200307935476303,,1.0,,0.3205235004425049,,0.0,0.0,,,4.9446214688941836e-05,,202.9542236328125,,0.1859971135854721,,0.12411868572235107,,1.2833327054977417,1.9964241981506348,,1.0,,0.2037055343389511,,0.2258751392364502,,,,,,,,,,,,,,,,,
41,1689,,0.005937821231782436,,0.006053673103451729,,0.017909061163663864,,0.0,,0.08393831551074982,,1.0,,0.3244226574897766,,,0.0,0.0,,2.3837783373892307e-05,,209.90914916992188,,0.18796348571777344,,0.1134251207113266,,,1.2904164791107178,,1.0,,0.20046204328536987,,,,,,,,,,,,,,,,,,
41,1699,,0.006919594015926123,,0.0066980039700865746,,0.01807611808180809,,0.0,,0.07757455110549927,,1.0,,0.32753172516822815,,,0.0,0.0,,4.6427794586634263e-05,,205.8221435546875,,0.17855489253997803,,0.1192123219370842,,,1.3580667972564697,,1.0,,0.19631052017211914,,,,,,,,,,,,,,,,,,
41,1709,,0.005526638589799404,,0.005065434146672487,,0.015168074518442154,,0.0,,0.08440908789634705,,1.0,,0.29853278398513794,,,0.0,0.0,,0.0004350669332779944,,203.0003662109375,,0.1888081431388855,,0.14203934371471405,,,1.283995270729065,,1.0,,0.21465864777565002,,,,,,,,,,,,,,,,,,
41,1719,,0.0064864251762628555,,0.0028579775243997574,,0.015410578809678555,,0.0,,0.0680021345615387,,1.0,,0.3370916247367859,,,0.0,0.0,,0.0002664782805368304,,203.476806640625,,0.18461376428604126,,0.1246446818113327,,,1.3520300388336182,,1.0,,0.194976806640625,,,,,,,,,,,,,,,,,,
41,1721,,,,,,,,,,,,,,,,,,,,,,,,,,,,,,,,,,,0.010776394978165627,0.012046868912875652,0.01976606249809265,0.0,0.12894077599048615,1.0,0.32236868143081665,0.0,0.0,6.98300136718899e-05,203.46043395996094,0.17655402421951294,0.47028642892837524,1.267025113105774,2.379964828491211,1.0,0.4013137221336365
41,1721,0.00696497643366456,,0.0047602527774870396,,0.016200579702854156,,0.0,,0.08195963501930237,,1.0,,0.3229365944862366,,0.0,0.0,,,8.249056554632261e-05,,202.929931640625,,0.1849360466003418,,0.12257937341928482,,1.2872061729431152,1.9975148439407349,,1.0,,0.20226147770881653,,0.2281651794910431,,,,,,,,,,,,,,,,,
42,1729,,0.006704133935272694,,0.0020155298989266157,,0.01596985012292862,,0.0,,0.08189510554075241,,1.0,,0.3210521638393402,,,0.0,0.0,,2.310333229615935e-06,,206.2123260498047,,0.18282483518123627,,0.11600098758935928,,,1.5953887701034546,,1.0,,0.19631843268871307,,,,,,,,,,,,,,,,,,
42,1739,,0.008314344100654125,,0.0037852784153074026,,0.01721787080168724,,0.0,,0.07661736756563187,,1.0,,0.327913373708725,,,0.0,0.0,,6.885547918500379e-05,,201.95184326171875,,0.18778350949287415,,0.13758724927902222,,,1.3529515266418457,,1.0,,0.2088000774383545,,,,,,,,,,,,,,,,,,
42,1749,,0.007442254573106766,,0.006137205753475428,,0.015046234242618084,,0.0,,0.09164529293775558,,1.0,,0.3178420960903168,,,0.0,0.0,,2.6315813101973617e-06,,206.98764038085938,,0.18055865168571472,,0.11906500905752182,,,1.26145601272583,,1.0,,0.20393015444278717,,,,,,,,,,,,,,,,,,
42,1759,,0.005998880136758089,,0.007505238056182861,,0.01482996717095375,,0.0,,0.08547623455524445,,1.0,,0.31414344906806946,,,0.0,0.0,,3.2239662687061355e-05,,198.62657165527344,,0.18732628226280212,,0.11664359271526337,,,1.5663206577301025,,1.0,,0.20297423005104065,,,,,,,,,,,,,,,,,,
42,1762,,,,,,,,,,,,,,,,,,,,,,,,,,,,,,,,,,,0.010695340111851692,0.010572889819741249,0.018794475123286247,0.0,0.1233813613653183,1.0,0.3191271722316742,0.0,0.0,1.8735598132479936e-05,203.710205078125,0.17637653648853302,0.4228045642375946,1.2715296745300293,2.3819308280944824,1.0,0.3738041818141937
42,1762,0.006974011659622192,,0.004845722578465939,,0.015638653188943863,,0.0,,0.08074507117271423,,1.0,,0.3208560347557068,,0.0,0.0,,,4.165999052929692e-05,,202.96205139160156,,0.18366459012031555,,0.11335161328315735,,1.289191484451294,1.99599289894104,,1.0,,0.19637522101402283,,0.22623804211616516,,,,,,,,,,,,,,,,,
43,1769,,0.006578516680747271,,0.003699537832289934,,0.014694184064865112,,0.0,,0.07214510440826416,,1.0,,0.32258281111717224,,,0.0,-0.0,,9.846986358752474e-06,,198.7928924560547,,0.1874871402978897,,0.11600852757692337,,,1.151964545249939,,1.0,,0.19443373382091522,,,,,,,,,,,,,,,,,,
43,1779,,0.006202424876391888,,0.0052108122035861015,,0.01712743565440178,,0.0,,0.0797005444765091,,1.0,,0.3234080374240875,,,0.0,0.0,,9.596748896001372e-06,,198.87957763671875,,0.18001404404640198,,0.1499715894460678,,,1.581817388534546,,1.0,,0.21226724982261658,,,,,,,,,,,,,,,,,,
43,1789,,0.006512168794870377,,0.006767802871763706,,0.015372378751635551,,0.0,,0.07835274189710617,,1.0,,0.3250768780708313,,,0.0,0.0,,2.9774120775982738e-05,,200.77169799804688,,0.18328124284744263,,0.10321112722158432,,,1.1755542755126953,,1.0,,0.19061467051506042,,,,,,,,,,,,,,,,,,
43,1799,,0.00931637641042471,,0.0047666579484939575,,0.013741192407906055,,0.0,,0.09323002398014069,,1.0,,0.3145788311958313,,,0.0,0.0,,2.6838588382815942e-05,,198.9940643310547,,0.18681451678276062,,0.08764104545116425,,,1.2074105739593506,,1.0,,0.1922718733549118,,,,,,,,,,,,,,,,,,
43,1803,,,,,,,,,,,,,,,,,,,,,,,,,,,,,,,,,,,0.010609504766762257,0.011217296123504639,0.018542736768722534,0.0,0.12123285979032516,1.0,0.3289732336997986,0.0,0.0,0.00011167965567437932,203.70184326171875,0.17734284698963165,0.4320738911628723,1.2742295265197754,2.3820455074310303,1.0,0.3781483769416809
43,1803,0.007025318685919046,,0.0046804845333099365,,0.015215677209198475,,0.0,,0.07809428870677948,,1.0,,0.32130852341651917,,0.0,0.0,,,4.754765177494846e-05,,202.94705200195312,,0.18491104245185852,,0.10741429030895233,,1.2816847562789917,1.999733328819275,,1.0,,0.1926080286502838,,0.2266087830066681,,,,,,,,,,,,,,,,,
44,1809,,0.0057883430272340775,,0.0013579303631559014,,0.013306552544236183,,0.0,,0.07898794859647751,,1.0,,0.32783955335617065,,,0.0,0.0,,6.764464342268184e-05,,194.45654296875,,0.18393462896347046,,0.10238868743181229,,,1.1757843494415283,,1.0,,0.1875932663679123,,,,,,,,,,,,,,,,,,
44,1819,,0.005643592216074467,,0.001984434202313423,,0.01584169641137123,,0.0,,0.07996153831481934,,1.0,,0.32656508684158325,,,0.0,0.0,,4.9412454245612025e-05,,204.85910034179688,,0.18248820304870605,,0.10049016773700714,,,1.8218531608581543,,1.0,,0.18689285218715668,,,,,,,,,,,,,,,,,,
44,1829,,0.006478879600763321,,0.007371959276497364,,0.013098953291773796,,0.0,,0.07126028835773468,,1.0,,0.3202260136604309,,,0.0,0.0,,4.050603195082658e-07,,193.6002655029297,,0.17913305759429932,,0.09406150132417679,,,1.1829947233200073,,1.0,,0.18046294152736664,,,,,,,,,,,,,,,,,,
44,1839,,0.00610643345862627,,0.005098213441669941,,0.016069989651441574,,0.0,,0.07419690489768982,,1.0,,0.31938713788986206,,,0.0,0.0,,5.144938768353313e-07,,201.07066345214844,,0.18119177222251892,,0.0967131033539772,,,1.2824922800064087,,1.0,,0.1832604706287384,,,,,,,,,,,,,,,,,,
44,1844,,,,,,,,,,,,,,,,,,,,,,,,,,,,,,,,,,,0.01073988527059555,0.010789768770337105,0.018517738208174706,0.0,0.1244259923696518,1.0,0.3340158760547638,0.0,0.0,0.00023261869500856847,204.1072235107422,0.17666491866111755,0.43673789501190186,1.2806549072265625,2.3838717937469482,1.0,0.3816473186016083
44,1844,0.006651690695434809,,0.0046469708904623985,,0.014925871975719929,,0.0,,0.07717984169721603,,1.0,,0.32188987731933594,,0.0,0.0,,,7.186718721641228e-05,,202.96827697753906,,0.18243594467639923,,0.10476519167423248,,1.2959864139556885,2.000429153442383,,1.0,,0.189368337392807,,0.22704952955245972,,,,,,,,,,,,,,,,,
45,1849,,0.0072844503447413445,,0.004953146446496248,,0.013902528211474419,,0.0,,0.06653231382369995,,1.0,,0.3227410316467285,,,0.0,0.0,,9.913309440889861e-06,,191.5760955810547,,0.1879390925168991,,0.09335499256849289,,,1.4766130447387695,,1.0,,0.1814272254705429,,,,,,,,,,,,,,,,,,
45,1859,,0.007074294611811638,,0.004907689057290554,,0.014940011315047741,,0.0,,0.08475812524557114,,1.0,,0.3238954544067383,,,0.0,0.0,,1.082457401935244e-05,,199.892333984375,,0.18229438364505768,,0.0943438857793808,,,1.1841025352478027,,1.0,,0.1881886124610901,,,,,,,,,,,,,,,,,,
45,1869,,0.005892242304980755,,0.005798781756311655,,0.015030505135655403,,0.0,,0.058192137628793716,,1.0,,0.3268437385559082,,,0.0,0.0,,2.8523505534394644e-05,,197.54855346679688,,0.17985829710960388,,0.09718374907970428,,,1.2884390354156494,,1.0,,0.17497992515563965,,,,,,,,,,,,,,,,,,
45,1879,,0.007749320939183235,,0.00533168762922287,,0.015393792651593685,,0.0,,0.07323691993951797,,1.0,,0.3363913595676422,,,0.0,0.0,,0.00025480033946223557,,202.06143188476562,,0.18159790337085724,,0.08944059908390045,,,1.0910048484802246,,1.0,,0.18034499883651733,,,,,,,,,,,,,,,,,,
45,1885,,,,,,,,,,,,,,,,,,,,,,,,,,,,,,,,,,,0.010607530362904072,0.01027535181492567,0.01961204595863819,0.0,0.12454647570848465,1.0,0.3163118362426758,0.0,0.0,2.219539601355791e-05,203.88626098632812,0.17656053602695465,0.4502652883529663,1.2780929803848267,2.383643388748169,1.0,0.38809987902641296
45,1885,0.0064705777913331985,,0.004504358395934105,,0.01454958412796259,,0.0,,0.07689477503299713,,1.0,,0.3224788010120392,,0.0,0.0,,,8.365722896996886e-05,,202.9348602294922,,0.18316537141799927,,0.10163935273885727,,1.301805019378662,2.000817060470581,,1.0,,0.1878339797258377,,0.22750219702720642,,,,,,,,,,,,,,,,,
46,1889,,0.00658791046589613,,0.002976419869810343,,0.013813674449920654,,0.0,,0.07992934435606003,,1.0,,0.31954413652420044,,,0.0,0.0,,1.1616799611147144e-07,,199.491455078125,,0.17925721406936646,,0.09662090986967087,,,1.4575695991516113,,1.0,,0.18406733870506287,,,,,,,,,,,,,,,,,,
46,1899,,0.005322087090462446,,0.0016448847018182278,,0.014342481270432472,,0.0,,0.07738660275936127,,1.0,,0.33253470063209534,,,0.0,0.0,,0.00012715034245047718,,205.39556884765625,,0.1831398606300354,,0.08813370019197464,,,1.3987116813659668,,1.0,,0.17931139469146729,,,,,,,,,,,,,,,,,,
46,1909,,0.007094468455761671,,0.004594201687723398,,0.014558733440935612,,0.0,,0.08287905156612396,,1.0,,0.3223479390144348,,,0.0,0.0,,8.78258651937358e-06,,200.39404296875,,0.18029099702835083,,0.11345462501049042,,,1.284437656402588,,1.0,,0.1956169456243515,,,,,,,,,,,,,,,,,,
46,1919,,0.007218248210847378,,0.002304535126313567,,0.014646886847913265,,0.0,,0.07888617366552353,,1.0,,0.32954683899879456,,,0.0,0.0,,7.858926255721599e-05,,202.54208374023438,,0.1839067041873932,,0.09922485798597336,,,1.3314437866210938,,1.0,,0.1872742474079132,,,,,,,,,,,,,,,,,,
46,1926,,,,,,,,,,,,,,,,,,,,,,,,,,,,,,,,,,,0.0106089161708951,0.01120236050337553,0.01815829798579216,0.0,0.12047748267650604,1.0,0.320808082818985,0.0,0.0,2.4064820536295883e-05,203.70999145507812,0.17598125338554382,0.42213839292526245,1.2799556255340576,2.383685827255249,1.0,0.3720320463180542
46,1926,0.006300861481577158,,0.004623918794095516,,0.014479282312095165,,0.0,,0.07602989673614502,,1.0,,0.3208627700805664,,0.0,0.0,,,3.876387563650496e-05,,202.95455932617188,,0.18234150111675262,,0.09676454216241837,,1.3032435178756714,2.001173257827759,,1.0,,0.1844976842403412,,0.2259327918291092,,,,,,,,,,,,,,,,,
47,1929,,0.00774588854983449,,0.006666339002549648,,0.013967793434858322,,0.0,,0.07829422503709793,,1.0,,0.3243945837020874,,,0.0,0.0,,1.4687517250422388e-05,,203.51766967773438,,0.1797734797000885,,0.08631520718336105,,,1.407205581665039,,1.0,,0.18080168962478638,,,,,,,,,,,,,,,,,,
47,1939,,0.006034607067704201,,0.0037651401944458485,,0.01471509225666523,,0.0,,0.07577477395534515,,1.0,,0.3180128037929535,,,0.0,0.0,,5.0910425670736e-06,,209.3815155029297,,0.189316987991333,,0.0988646000623703,,,1.1556446552276611,,1.0,,0.18835210800170898,,,,,,,,,,,,,,,,,,
47,1949,,0.005233739968389273,,0.0019853042904287577,,0.014274440705776215,,0.0,,0.07554930448532104,,1.0,,0.3150499165058136,,,0.0,0.0,,2.1997977455612272e-05,,199.92636108398438,,0.17962947487831116,,0.0788675844669342,,,1.2079699039459229,,1.0,,0.17207114398479462,,,,,,,,,,,,,,,,,,
47,1959,,0.006985179148614407,,0.007740694563835859,,0.012274796143174171,,0.0,,0.06885594129562378,,1.0,,0.31702184677124023,,,0.0,0.0,,8.30491535452893e-06,,198.35092163085938,,0.1772049516439438,,0.09542463719844818,,,1.1573681831359863,,1.0,,0.17933735251426697,,,,,,,,,,,,,,,,,,
47,1967,,,,,,,,,,,,,,,,,,,,,,,,,,,,,,,,,,,0.01054110936820507,0.010400126688182354,0.017720287665724754,0.0,0.12290827929973602,1.0,0.3178406059741974,0.0,0.0,2.159068208129611e-05,204.19285583496094,0.1758781224489212,0.4371276795864105,1.287756085395813,2.38568377494812,1.0,0.3802104890346527
47,1967,0.006217315327376127,,0.004154140129685402,,0.014195659197866917,,0.0,,0.0735253319144249,,1.0,,0.3220334053039551,,0.0,0.0,,,5.637308640871197e-05,,202.93927001953125,,0.18087877333164215,,0.09527252614498138,,1.3070685863494873,2.0031421184539795,,1.0,,0.1814717799425125,,0.22699861228466034,,,,,,,,,,,,,,,,,
48,1969,,0.005200911313295364,,0.006465610582381487,,0.014544776640832424,,0.0,,0.07327309995889664,,1.0,,0.3240920901298523,,,0.0,0.0,,1.861424243543297e-05,,205.0808563232422,,0.1849575638771057,,0.09957660734653473,,,1.213482141494751,,1.0,,0.18620069324970245,,,,,,,,,,,,,,,,,,
48,1979,,0.006331498734652996,,0.0022970230784267187,,0.01181281078606844,,0.0,,0.0691046491265297,,1.0,,0.3064309060573578,,,0.0,0.0,,0.00016134012548718601,,203.35739135742188,,0.1785431057214737,,0.09668096154928207,,,1.1918712854385376,,1.0,,0.17774057388305664,,,,,,,,,,,,,,,,,,
48,1989,,0.006743758916854858,,0.0014564655721187592,,0.014279216527938843,,0.0,,0.0833420678973198,,1.0,,0.3076920509338379,,,0.0,0.0,,0.00014176414697431028,,199.67544555664062,,0.17760884761810303,,0.09175877273082733,,,1.422482967376709,,1.0,,0.18195375800132751,,,,,,,,,,,,,,,,,,
48,1999,,0.005050063133239746,,0.00506678456440568,,0.013916200026869774,,0.0,,0.07245372235774994,,1.0,,0.3156198561191559,,,0.0,0.0,,1.771201641531661e-05,,210.05126953125,,0.17978577315807343,,0.09660045802593231,,,1.398977518081665,,1.0,,0.18087886273860931,,,,,,,,,,,,,,,,,,
48,2008,,,,,,,,,,,,,,,,,,,,,,,,,,,,,,,,,,,0.01066574640572071,0.013019430451095104,0.016941463574767113,0.0,0.1247178390622139,1.0,0.3245243728160858,0.0,0.0,6.638255581492558e-05,203.358154296875,0.17683996260166168,0.4302445650100708,1.2895610332489014,2.3860976696014404,1.0,0.3794711232185364
48,2008,0.00607589166611433,,0.004187972284853458,,0.013720673508942127,,0.0,,0.07364819943904877,,1.0,,0.32172659039497375,,0.0,0.0,,,6.620072235818952e-05,,202.94786071777344,,0.17994707822799683,,0.09676996618509293,,1.3127254247665405,2.0042688846588135,,1.0,,0.18171973526477814,,0.22683313488960266,,,,,,,,,,,,,,,,,
49,2009,,0.005976402200758457,,0.0057162027806043625,,0.012744322419166565,,0.0,,0.06509291380643845,,1.0,,0.3182871639728546,,,0.0,0.0,,3.7974873521307018e-06,,205.490478515625,,0.18022921681404114,,0.11815857887268066,,,1.1531180143356323,,1.0,,0.18886299431324005,,,,,,,,,,,,,,,,,,
49,2019,,0.005201022140681744,,0.0018584512872621417,,0.012974333949387074,,0.0,,0.06696047633886337,,1.0,,0.3253593444824219,,,0.0,0.0,,3.187064430676401e-05,,199.10848999023438,,0.179751917719841,,0.10550164431333542,,,1.2622716426849365,,1.0,,0.1809501051902771,,,,,,,,,,,,,,,,,,
49,2029,,0.005625602789223194,,0.002966807223856449,,0.014866923913359642,,0.0,,0.07858661562204361,,1.0,,0.31905069947242737,,,0.0,0.0,,1.2917262210976332e-06,,202.69700622558594,,0.17888285219669342,,0.09943060576915741,,,1.2360427379608154,,1.0,,0.18423359096050262,,,,,,,,,,,,,,,,,,
49,2039,,0.009656162932515144,,0.0033263927325606346,,0.014393467456102371,,0.0,,0.08195342868566513,,1.0,,0.32184991240501404,,,0.0,0.0,,6.5712592913769186e-06,,194.20298767089844,,0.18200898170471191,,0.0892874076962471,,,1.3137505054473877,,1.0,,0.18455880880355835,,,,,,,,,,,,,,,,,,
49,2049,,0.00562513992190361,,0.00392618915066123,,0.015494193881750107,,0.0,,0.0783006101846695,,1.0,,0.3229101002216339,,,0.0,0.0,,1.1388068742235191e-05,,204.75607299804688,,0.17936143279075623,,0.09449093043804169,,,1.2672021389007568,,1.0,,0.18240727484226227,,,,,,,,,,,,,,,,,,
49,2049,,,,,,,,,,,,,,,,,,,,,,,,,,,,,,,,,,,0.010803351178765297,0.010721868835389614,0.01718190684914589,0.0,0.12358502298593521,1.0,0.31527450680732727,0.0,0.0,5.758652332588099e-05,204.1057891845703,0.1755344122648239,0.43170997500419617,1.2964657545089722,2.3883237838745117,1.0,0.37792426347732544
49,2049,0.0059245917946100235,,0.004075097851455212,,0.01398571114987135,,0.0,,0.07285087555646896,,1.0,,0.3219900131225586,,0.0,0.0,,,6.330479664029554e-05,,202.94493103027344,,0.17940858006477356,,0.09584835171699524,,1.3149135112762451,2.0053882598876953,,1.0,,0.18048395216464996,,0.22738204896450043,,,,,,,,,,,,,,,,,
50,2059,,0.007032467983663082,,0.0011901805410161614,,0.014894342049956322,,0.0,,0.06727728992700577,,1.0,,0.3201271891593933,,,0.0,0.0,,2.464892929765483e-07,,194.42735290527344,,0.17971904575824738,,0.08330661058425903,,,1.3275525569915771,,1.0,,0.17075234651565552,,,,,,,,,,,,,,,,,,
50,2069,,0.006316737271845341,,0.006161848548799753,,0.014521965757012367,,0.0,,0.09027095139026642,,1.0,,0.3244860768318176,,,0.0,0.0,,2.5597139028832316e-05,,197.4717254638672,,0.1757364273071289,,0.09303773194551468,,,1.1249815225601196,,1.0,,0.18722683191299438,,,,,,,,,,,,,,,,,,
50,2079,,0.0057775527238845825,,0.006476756185293198,,0.012724262662231922,,0.0,,0.05766398087143898,,1.0,,0.3253622055053711,,,0.0,0.0,,2.829619188560173e-05,,204.4910125732422,,0.17527052760124207,,0.08432192355394363,,,1.3473037481307983,,1.0,,0.16604194045066833,,,,,,,,,,,,,,,,,,
50,2089,,0.005584023892879486,,0.0031929505057632923,,0.01323750801384449,,0.0,,0.06842293590307236,,1.0,,0.32451504468917847,,,0.0,0.0,,1.9513463485054672e-05,,212.16632080078125,,0.18250951170921326,,0.08718304336071014,,,1.416917085647583,,1.0,,0.1747797578573227,,,,,,,,,,,,,,,,,,
50,2090,,,,,,,,,,,,,,,,,,,,,,,,,,,,,,,,,,,0.010615783743560314,0.010396244004368782,0.015944134443998337,0.0,0.121868796646595,1.0,0.3254581689834595,0.0,0.0,6.907762872288004e-05,203.8896026611328,0.1742148995399475,0.4047108590602875,1.2974164485931396,2.388415575027466,1.0,0.36253225803375244
50,2090,0.0058740247040987015,,0.003945047967135906,,0.013264644891023636,,0.0,,0.0736837163567543,,1.0,,0.32061535120010376,,0.0,0.0,,,2.9723287298111245e-05,,202.92396545410156,,0.17911624908447266,,0.08622447401285172,,1.318489670753479,2.0058515071868896,,1.0,,0.1757630556821823,,0.22594738006591797,,,,,,,,,,,,,,,,,
51,2099,,0.004935024306178093,,0.0043877712450921535,,0.014914518222212791,,0.0,,0.06935999542474747,,1.0,,0.31913167238235474,,,0.0,0.0,,9.526268627269019e-07,,209.0519256591797,,0.1735256314277649,,0.0971994400024414,,,1.3499505519866943,,1.0,,0.17619585990905762,,,,,,,,,,,,,,,,,,
51,2109,,0.005353416316211224,,0.006885936949402094,,0.013737221248447895,,0.0,,0.0854717344045639,,1.0,,0.3263359069824219,,,0.0,0.0,,4.05680802941788e-05,,203.87911987304688,,0.1809486597776413,,0.08065664768218994,,,1.4510349035263062,,1.0,,0.18105220794677734,,,,,,,,,,,,,,,,,,
51,2119,,0.0048937746323645115,,0.001729358802549541,,0.013011791743338108,,0.0,,0.06911853700876236,,1.0,,0.31084269285202026,,,0.0,0.0,,6.733517511747777e-05,,200.05990600585938,,0.1789451390504837,,0.0740649551153183,,,1.3890469074249268,,1.0,,0.16571073234081268,,,,,,,,,,,,,,,,,,
51,2129,,0.004893479868769646,,0.001703498070128262,,0.0137584013864398,,0.0,,0.06838922947645187,,1.0,,0.33512258529663086,,,0.0,0.0,,0.00021902270964346826,,200.8377685546875,,0.17893323302268982,,0.08817743510007858,,,1.2235538959503174,,1.0,,0.1725337952375412,,,,,,,,,,,,,,,,,,
51,2131,,,,,,,,,,,,,,,,,,,,,,,,,,,,,,,,,,,0.010485783219337463,0.01129103358834982,0.017039112746715546,0.0,0.12069139629602432,1.0,0.31724920868873596,0.0,0.0,4.7551089664921165e-05,203.75924682617188,0.17469674348831177,0.43301689624786377,1.2959575653076172,2.3873519897460938,1.0,0.37681862711906433
51,2131,0.005826663225889206,,0.0041075521148741245,,0.013238823972642422,,0.0,,0.07047829777002335,,1.0,,0.3222827613353729,,0.0,0.0,,,4.7289377107517794e-05,,202.94285583496094,,0.17891955375671387,,0.08474992960691452,,1.320785641670227,2.006925344467163,,1.0,,0.1733885407447815,,0.22748254239559174,,,,,,,,,,,,,,,,,
52,2139,,0.005010109860450029,,0.0028865078929811716,,0.01227240264415741,,0.0,,0.05731093883514404,,1.0,,0.310815691947937,,,0.0,0.0,,6.561680493177846e-05,,199.83995056152344,,0.17530937492847443,,0.07100007683038712,,,1.2599542140960693,,1.0,,0.15701855719089508,,,,,,,,,,,,,,,,,,
52,2149,,0.0072133708745241165,,0.0026009276043623686,,0.012900320813059807,,0.0,,0.06198957562446594,,1.0,,0.31472986936569214,,,0.0,0.0,,1.778873411240056e-05,,208.71337890625,,0.18066300451755524,,0.07111546397209167,,,1.3639154434204102,,1.0,,0.16309010982513428,,,,,,,,,,,,,,,,,,
52,2159,,0.00571534875780344,,0.013129292987287045,,0.012964289635419846,,0.0,,0.0674622505903244,,1.0,,0.325334370136261,,,0.0,0.0,,2.852843863365706e-05,,200.64700317382812,,0.17688718438148499,,0.07724526524543762,,,1.2891398668289185,,1.0,,0.1715303659439087,,,,,,,,,,,,,,,,,,
52,2169,,0.0050091915763914585,,0.0032800105400383472,,0.012321168556809425,,0.0,,0.06630800664424896,,1.0,,0.32837343215942383,,,0.0,0.0,,6.707473221467808e-05,,204.30125427246094,,0.18222397565841675,,0.07938011735677719,,,1.226583480834961,,1.0,,0.16936631500720978,,,,,,,,,,,,,,,,,,
52,2172,,,,,,,,,,,,,,,,,,,,,,,,,,,,,,,,,,,0.010517776012420654,0.010667415335774422,0.015772731974720955,0.0,0.12355276942253113,1.0,0.31683453917503357,0.0,0.0,4.6821664000162855e-05,204.09381103515625,0.17540349066257477,0.40083998441696167,1.3046795129776,2.3903908729553223,1.0,0.36209139227867126
52,2172,0.00574425607919693,,0.003953910898417234,,0.012918920256197453,,0.0,,0.07009335607290268,,1.0,,0.321214497089386,,0.0,0.0,,,4.91028513351921e-05,,202.92982482910156,,0.1779242306947708,,0.08346609771251678,,1.3250435590744019,2.0078694820404053,,1.0,,0.17190736532211304,,0.2264486849308014,,,,,,,,,,,,,,,,,
53,2179,,0.005182728171348572,,0.0050692628137767315,,0.013957900926470757,,0.0,,0.06805770099163055,,1.0,,0.313339501619339,,,0.0,0.0,,4.572118996293284e-05,,211.07736206054688,,0.17896729707717896,,0.10282004624605179,,,1.2847065925598145,,1.0,,0.18146716058254242,,,,,,,,,,,,,,,,,,
53,2189,,0.005081667564809322,,0.0018726532580330968,,0.012873368337750435,,0.0,,0.07245957851409912,,1.0,,0.32056596875190735,,,0.0,0.0,,4.736947118999524e-07,,207.9464111328125,,0.1756799817085266,,0.06446132808923721,,,1.397777795791626,,1.0,,0.16106517612934113,,,,,,,,,,,,,,,,,,
53,2199,,0.005592296831309795,,0.004593939986079931,,0.01290380209684372,,0.0,,0.0646979883313179,,1.0,,0.3206164240837097,,,0.0,0.0,,4.78382901292207e-07,,201.78125,,0.17328998446464539,,0.0916285365819931,,,1.1823089122772217,,1.0,,0.1711919903755188,,,,,,,,,,,,,,,,,,
53,2209,,0.005150904878973961,,0.006741708144545555,,0.01122649759054184,,0.0,,0.07029499113559723,,1.0,,0.3184691369533539,,,0.0,0.0,,2.627434412261209e-07,,203.32260131835938,,0.1796373724937439,,0.09283382445573807,,,1.377061128616333,,1.0,,0.17845217883586884,,,,,,,,,,,,,,,,,,
53,2213,,,,,,,,,,,,,,,,,,,,,,,,,,,,,,,,,,,0.01047537848353386,0.010623924434185028,0.016047462821006775,0.0,0.12168681621551514,1.0,0.3202113211154938,0.0,0.0,4.053526936331764e-05,203.9369354248047,0.17326176166534424,0.45592430233955383,1.3025999069213867,2.3883330821990967,1.0,0.38761112093925476
53,2213,0.005530134309083223,,0.0035622036084532738,,0.012697989121079445,,0.0,,0.0688796192407608,,1.0,,0.32052862644195557,,0.0,0.0,,,5.532282011699863e-05,,202.95401000976562,,0.17910951375961304,,0.08820289373397827,,1.3303462266921997,2.0048959255218506,,1.0,,0.17393963038921356,,0.22585806250572205,,,,,,,,,,,,,,,,,
54,2219,,0.0049434201791882515,,0.0014929817989468575,,0.013975339941680431,,0.0,,0.07197944074869156,,1.0,,0.3455576002597809,,,0.0,0.0,,0.0006131436093710363,,204.26486206054688,,0.17627879977226257,,0.10293418169021606,,,1.5077636241912842,,1.0,,0.1805185228586197,,,,,,,,,,,,,,,,,,
54,2229,,0.004653774201869965,,0.00354045070707798,,0.011780541390180588,,0.0,,0.07095671445131302,,1.0,,0.31010398268699646,,,0.0,0.0,,8.393311873078346e-05,,204.85772705078125,,0.17747783660888672,,0.08037889748811722,,,1.170356273651123,,1.0,,0.16972385346889496,,,,,,,,,,,,,,,,,,
54,2239,,0.004702613689005375,,0.0033472958020865917,,0.01114201545715332,,0.0,,0.07559327781200409,,1.0,,0.3232519030570984,,,0.0,0.0,,1.4668791664007585e-05,,203.27117919921875,,0.17368264496326447,,0.08445078134536743,,,1.2167854309082031,,1.0,,0.17200985550880432,,,,,,,,,,,,,,,,,,
54,2249,,0.005149263888597488,,0.004637282807379961,,0.01102486252784729,,0.0,,0.0677100270986557,,1.0,,0.31825312972068787,,,0.0,0.0,,1.5609327874699375e-06,,201.55247497558594,,0.1761941760778427,,0.08166353404521942,,,1.2193576097488403,,1.0,,0.1687804013490677,,,,,,,,,,,,,,,,,,
54,2254,,,,,,,,,,,,,,,,,,,,,,,,,,,,,,,,,,,0.010627472773194313,0.010626588016748428,0.01512307021766901,0.0,0.12329016625881195,1.0,0.3296896517276764,0.0,0.0,0.0001245344610651955,204.0904083251953,0.173343688249588,0.41453808546066284,1.307425618171692,2.3912014961242676,1.0,0.36778756976127625
54,2254,0.005362458527088165,,0.003491065464913845,,0.012501310557126999,,0.0,,0.06791036576032639,,1.0,,0.32100817561149597,,0.0,0.0,,,6.594289152417332e-05,,202.93223571777344,,0.17688442766666412,,0.08748836070299149,,1.3330078125,2.0097806453704834,,1.0,,0.17185144126415253,,0.22639219462871552,,,,,,,,,,,,,,,,,
55,2259,,0.004728172905743122,,0.0019146865233778954,,0.01214689202606678,,0.0,,0.0698370411992073,,1.0,,0.3399868905544281,,,0.0,0.0,,0.0003707727009896189,,202.15110778808594,,0.17790651321411133,,0.07802782952785492,,,1.5115246772766113,,1.0,,0.1676071733236313,,,,,,,,,,,,,,,,,,
55,2269,,0.004923693835735321,,0.005140630528330803,,0.010190040804445744,,0.0,,0.0739230290055275,,1.0,,0.3134296238422394,,,0.0,0.0,,3.680424561025575e-05,,210.27047729492188,,0.17571952939033508,,0.07104724645614624,,,1.3325519561767578,,1.0,,0.16641446948051453,,,,,,,,,,,,,,,,,,
55,2279,,0.004727831110358238,,0.0015512568643316627,,0.011337244883179665,,0.0,,0.07296531647443771,,1.0,,0.30750608444213867,,,0.0,0.0,,0.0001579455565661192,,201.76658630371094,,0.17763563990592957,,0.0676366314291954,,,1.2348260879516602,,1.0,,0.163471058011055,,,,,,,,,,,,,,,,,,
55,2289,,0.0074865915812551975,,0.0025687410961836576,,0.01285875216126442,,0.0,,0.06481435149908066,,1.0,,0.3227565586566925,,,0.0,0.0,,8.947719834395684e-06,,199.0960693359375,,0.1782698631286621,,0.06735437363386154,,,1.2406858205795288,,1.0,,0.1615373194217682,,,,,,,,,,,,,,,,,,
55,2295,,,,,,,,,,,,,,,,,,,,,,,,,,,,,,,,,,,0.010354054160416126,0.010835994966328144,0.015122808516025543,0.0,0.119919054210186,1.0,0.3188612163066864,0.0,0.0,6.966430373722687e-05,204.1620635986328,0.17524617910385132,0.40831536054611206,1.3127542734146118,2.392814874649048,1.0,0.363882452249527
55,2295,0.005363595671951771,,0.0035117976367473602,,0.012127116322517395,,0.0,,0.06811970472335815,,1.0,,0.32201889157295227,,0.0,0.0,,,8.082487329374999e-05,,202.9481201171875,,0.17727220058441162,,0.0815185159444809,,1.3363651037216187,2.010383367538452,,1.0,,0.16914604604244232,,0.22737900912761688,,,,,,,,,,,,,,,,,
56,2299,,0.0047745658084750175,,0.0032731094397604465,,0.011282695457339287,,0.0,,0.06581465899944305,,1.0,,0.31940755248069763,,,0.0,0.0,,2.852652869478334e-07,,208.1812744140625,,0.17236356437206268,,0.07999544590711594,,,1.327649474143982,,1.0,,0.1642390936613083,,,,,,,,,,,,,,,,,,
56,2309,,0.008091006428003311,,0.004607062321156263,,0.01062568835914135,,0.0,,0.08329718559980392,,1.0,,0.3175574243068695,,,0.0,0.0,,2.9792870464007137e-06,,202.8863525390625,,0.18579396605491638,,0.09265950322151184,,,1.2676169872283936,,1.0,,0.18828842043876648,,,,,,,,,,,,,,,,,,
56,2319,,0.00526959914714098,,0.0030796120408922434,,0.012385516427457333,,0.0,,0.07361502200365067,,1.0,,0.32541561126708984,,,0.0,0.0,,2.6629792046151124e-05,,200.45101928710938,,0.18126094341278076,,0.09609320759773254,,,1.286742091178894,,1.0,,0.18091106414794922,,,,,,,,,,,,,,,,,,
56,2329,,0.00491707306355238,,0.002197893336415291,,0.010640222579240799,,0.0,,0.06773717701435089,,1.0,,0.31268662214279175,,,0.0,0.0,,4.659059413825162e-05,,198.31527709960938,,0.17879770696163177,,0.09041702747344971,,,1.3109853267669678,,1.0,,0.17312075197696686,,,,,,,,,,,,,,,,,,
56,2336,,,,,,,,,,,,,,,,,,,,,,,,,,,,,,,,,,,0.01049729622900486,0.010789602994918823,0.015495001338422298,0.0,0.12084629386663437,1.0,0.31798818707466125,0.0,0.0,4.385053034638986e-05,203.86996459960938,0.17288382351398468,0.41210296750068665,1.3155457973480225,2.393855094909668,1.0,0.3651313781738281
56,2336,0.005226591136306524,,0.0033473954536020756,,0.012222828343510628,,0.0,,0.06658802181482315,,1.0,,0.32103025913238525,,0.0,0.0,,,3.62957434845157e-05,,202.92645263671875,,0.17762795090675354,,0.07936083525419235,,1.3406327962875366,2.011139154434204,,1.0,,0.16731584072113037,,0.2264087051153183,,,,,,,,,,,,,,,,,
57,2339,,0.004774771630764008,,0.0021381787955760956,,0.012093182653188705,,0.0,,0.06612081080675125,,1.0,,0.3112832009792328,,,0.0,0.0,,6.274051702348515e-05,,210.94686889648438,,0.17625685036182404,,0.0856243222951889,,,1.391230583190918,,1.0,,0.16869816184043884,,,,,,,,,,,,,,,,,,
57,2349,,0.004604165442287922,,0.004309960175305605,,0.012700384482741356,,0.0,,0.0686163604259491,,1.0,,0.3197367787361145,,,0.0,0.0,,1.392779296338631e-07,,207.71408081054688,,0.1744331419467926,,0.09161724895238876,,,1.4605835676193237,,1.0,,0.1730605512857437,,,,,,,,,,,,,,,,,,
57,2359,,0.0070642633363604546,,0.003809686517342925,,0.012599089182913303,,0.0,,0.07572624087333679,,1.0,,0.3283741772174835,,,0.0,0.0,,6.285080598900095e-05,,197.7679901123047,,0.17843346297740936,,0.08348739892244339,,,1.2465990781784058,,1.0,,0.17555184662342072,,,,,,,,,,,,,,,,,,
57,2369,,0.005602973513305187,,0.004180192016065121,,0.012136781588196754,,0.0,,0.06984354555606842,,1.0,,0.32526692748069763,,,0.0,0.0,,2.942713581433054e-05,,208.79893493652344,,0.17689445614814758,,0.07098683714866638,,,1.3285017013549805,,1.0,,0.1649823933839798,,,,,,,,,,,,,,,,,,
57,2377,,,,,,,,,,,,,,,,,,,,,,,,,,,,,,,,,,,0.010115210898220539,0.010915486142039299,0.014895257540047169,0.0,0.123314268887043,1.0,0.3134918510913849,0.0,0.0,5.862288526259363e-05,203.85794067382812,0.17461086809635162,0.3991880714893341,1.3182376623153687,2.3940913677215576,1.0,0.36059078574180603
57,2377,0.005330369807779789,,0.0033492387738078833,,0.012385359965264797,,0.0,,0.06532377749681473,,1.0,,0.32134881615638733,,0.0,0.0,,,3.3850559702841565e-05,,202.90879821777344,,0.17631788551807404,,0.0776251032948494,,1.3414322137832642,2.0122556686401367,,1.0,,0.16522866487503052,,0.22677646577358246,,,,,,,,,,,,,,,,,
58,2379,,0.004096354357898235,,0.0021927678026258945,,0.01233648881316185,,0.0,,0.06519946455955505,,1.0,,0.31407374143600464,,,0.0,0.0,,2.5753282898222096e-05,,212.06980895996094,,0.17461082339286804,,0.06039774790406227,,,1.3891923427581787,,1.0,,0.15449510514736176,,,,,,,,,,,,,,,,,,
58,2389,,0.004778772592544556,,0.004547325428575277,,0.01244775764644146,,0.0,,0.07752939313650131,,1.0,,0.3183363080024719,,,0.0,0.0,,2.6631485070538474e-06,,201.31759643554688,,0.1731674075126648,,0.09287186712026596,,,1.5176349878311157,,1.0,,0.17769348621368408,,,,,,,,,,,,,,,,,,
58,2399,,0.004530045203864574,,0.0015431217616423965,,0.011467987671494484,,0.0,,0.07411154359579086,,1.0,,0.31167298555374146,,,0.0,0.0,,6.359582766890526e-05,,199.3022918701172,,0.17653919756412506,,0.07708068937063217,,,1.1822471618652344,,1.0,,0.1680808961391449,,,,,,,,,,,,,,,,,,
58,2409,,0.005957617424428463,,0.0027886165771633387,,0.011104417964816093,,0.0,,0.0701044499874115,,1.0,,0.3274981379508972,,,0.0,0.0,,5.654375490848906e-05,,202.699951171875,,0.17378124594688416,,0.0741327553987503,,,1.4394073486328125,,1.0,,0.16452105343341827,,,,,,,,,,,,,,,,,,
58,2418,,,,,,,,,,,,,,,,,,,,,,,,,,,,,,,,,,,0.010449004359543324,0.011369887739419937,0.014766080304980278,0.0,0.11893907934427261,1.0,0.3222406804561615,0.0,0.0,1.642976167204324e-05,204.070068359375,0.17734529078006744,0.43996965885162354,1.3194972276687622,2.3940606117248535,1.0,0.3805212676525116
58,2418,0.0050720758736133575,,0.0033341743983328342,,0.011826278641819954,,0.0,,0.06442155689001083,,1.0,,0.32042285799980164,,0.0,0.0,,,3.9188867958728224e-05,,202.96722412109375,,0.17698127031326294,,0.0726880356669426,,1.34541654586792,2.0132393836975098,,1.0,,0.16245077550411224,,0.22582539916038513,,,,,,,,,,,,,,,,,
59,2419,,0.0054683443158864975,,0.0018361934926360846,,0.012071018107235432,,0.0,,0.06488613784313202,,1.0,,0.31906023621559143,,,0.0,0.0,,1.8481271979453595e-07,,206.210205078125,,0.17697614431381226,,0.07057347893714905,,,1.2718620300292969,,1.0,,0.1610773205757141,,,,,,,,,,,,,,,,,,
59,2429,,0.007080816198140383,,0.0020111934281885624,,0.013448871672153473,,0.0,,0.057272229343652725,,1.0,,0.3188707232475281,,,0.0,0.0,,1.0090975166576754e-07,,201.38052368164062,,0.1759844571352005,,0.06337059289216995,,,1.2422531843185425,,1.0,,0.1542045772075653,,,,,,,,,,,,,,,,,,
59,2439,,0.00436868192628026,,0.0018963383045047522,,0.010292952880263329,,0.0,,0.06734403967857361,,1.0,,0.3208298683166504,,,0.0,0.0,,2.1859420940018026e-06,,201.29116821289062,,0.17547571659088135,,0.05156439170241356,,,1.4693586826324463,,1.0,,0.15135496854782104,,,,,,,,,,,,,,,,,,
59,2449,,0.005009555257856846,,0.0030572139658033848,,0.011753627099096775,,0.0,,0.05985789746046066,,1.0,,0.3128131031990051,,,0.0,0.0,,4.220514529151842e-05,,194.3297119140625,,0.17485538125038147,,0.07873222976922989,,,1.22458815574646,,1.0,,0.16195261478424072,,,,,,,,,,,,,,,,,,
59,2459,,0.00462162122130394,,0.005195604171603918,,0.010355222970247269,,0.0,,0.06274352222681046,,1.0,,0.32691317796707153,,,0.0,0.0,,5.3414361900649965e-05,,202.85208129882812,,0.17795787751674652,,0.06627542525529861,,,1.3321149349212646,,1.0,,0.15945926308631897,,,,,,,,,,,,,,,,,,
59,2459,,,,,,,,,,,,,,,,,,,,,,,,,,,,,,,,,,,0.010278059169650078,0.010987943969666958,0.01413563173264265,0.0,0.12064993381500244,1.0,0.3230479061603546,0.0,0.0,3.8912141462787986e-05,204.1268768310547,0.17275653779506683,0.4082765281200409,1.3253535032272339,2.395746946334839,1.0,0.3629074990749359
59,2459,0.005065470468252897,,0.002998399082571268,,0.011519880034029484,,0.0,,0.06415659189224243,,1.0,,0.3214168846607208,,0.0,0.0,,,6.348952592816204e-05,,202.8998260498047,,0.1749778538942337,,0.06983837485313416,,1.3509184122085571,2.013230085372925,,1.0,,0.15970206260681152,,0.22686642408370972,,,,,,,,,,,,,,,,,
60,2469,,0.004945416934788227,,0.0012726839631795883,,0.011707963421940804,,0.0,,0.07294154912233353,,1.0,,0.3223867416381836,,,0.0,0.0,,6.291332283581141e-06,,208.52532958984375,,0.17646445333957672,,0.07265813648700714,,,1.4145071506500244,,1.0,,0.16531507670879364,,,,,,,,,,,,,,,,,,
60,2479,,0.0046127308160066605,,0.0017254219856113195,,0.009643969126045704,,0.0,,0.06648341566324234,,1.0,,0.3129692077636719,,,0.0,0.0,,3.7444871850311756e-05,,201.49554443359375,,0.173674538731575,,0.06297077238559723,,,1.4165433645248413,,1.0,,0.15571656823158264,,,,,,,,,,,,,,,,,,
60,2489,,0.005446102470159531,,0.0020705077331513166,,0.01317100040614605,,0.0,,0.06032581627368927,,1.0,,0.31960639357566833,,,0.0,0.0,,3.2032872354648134e-07,,206.21356201171875,,0.17518118023872375,,0.07266538590192795,,,1.2628562450408936,,1.0,,0.1591617614030838,,,,,,,,,,,,,,,,,,
60,2499,,0.005488576367497444,,0.00426495959982276,,0.012606687843799591,,0.0,,0.052943743765354156,,1.0,,0.316063791513443,,,0.0,0.0,,9.301587851950899e-06,,208.97824096679688,,0.17059406638145447,,0.09681645780801773,,,1.2726690769195557,,1.0,,0.16631920635700226,,,,,,,,,,,,,,,,,,
60,2500,,,,,,,,,,,,,,,,,,,,,,,,,,,,,,,,,,,0.010195284150540829,0.01188431866466999,0.014361497946083546,0.0,0.12383273243904114,1.0,0.3210248351097107,0.0,0.0,4.0160455682780594e-05,203.62744140625,0.17447030544281006,0.4002208113670349,1.3270211219787598,2.3963186740875244,1.0,0.36175796389579773
60,2500,0.004974593408405781,,0.0030903005972504616,,0.011424325406551361,,0.0,,0.06404750794172287,,1.0,,0.3206326365470886,,0.0,0.0,,,3.634214590420015e-05,,202.9556427001953,,0.17531922459602356,,0.06829008460044861,,1.3527723550796509,2.0150482654571533,,1.0,,0.15902148187160492,,0.2262171059846878,,,,,,,,,,,,,,,,,
61,2509,,0.0051501840353012085,,0.004931373987346888,,0.012051137164235115,,0.0,,0.06914740055799484,,1.0,,0.31702548265457153,,,0.0,0.0,,3.1260099149221787e-06,,200.96694946289062,,0.1736074537038803,,0.09040889143943787,,,1.4194750785827637,,1.0,,0.17282931506633759,,,,,,,,,,,,,,,,,,
61,2519,,0.004656808450818062,,0.001962434034794569,,0.010546013712882996,,0.0,,0.06033503636717796,,1.0,,0.312955766916275,,,0.0,0.0,,4.191599873593077e-05,,199.9976043701172,,0.1756608784198761,,0.07951471209526062,,,1.2962300777435303,,1.0,,0.16214048862457275,,,,,,,,,,,,,,,,,,
61,2529,,0.0046711210161447525,,0.0013768645003437996,,0.009862080216407776,,0.0,,0.06251604855060577,,1.0,,0.3163977563381195,,,0.0,0.0,,6.477323950093705e-06,,202.28536987304688,,0.17421332001686096,,0.07624531537294388,,,1.3610999584197998,,1.0,,0.16050077974796295,,,,,,,,,,,,,,,,,,
61,2539,,0.005804314278066158,,0.0018247361294925213,,0.011901447549462318,,0.0,,0.06211576983332634,,1.0,,0.33081328868865967,,,0.0,0.0,,0.00012975111894775182,,195.32749938964844,,0.1739252209663391,,0.058244507759809494,,,1.319319248199463,,1.0,,0.15221230685710907,,,,,,,,,,,,,,,,,,
61,2541,,,,,,,,,,,,,,,,,,,,,,,,,,,,,,,,,,,0.010236307047307491,0.012267823331058025,0.014116532169282436,0.0,0.117210254073143,1.0,0.3220873475074768,0.0,0.0,4.924948370899074e-05,203.5852508544922,0.17326679825782776,0.4153391420841217,1.330328345298767,2.396697998046875,1.0,0.3655964732170105
61,2541,0.004728100262582302,,0.002961832797154784,,0.01134712528437376,,0.0,,0.06550881266593933,,1.0,,0.321224182844162,,0.0,0.0,,,5.214183693169616e-05,,202.92776489257812,,0.17501680552959442,,0.07261979579925537,,1.3571122884750366,2.014798164367676,,1.0,,0.16157843172550201,,0.22678951919078827,,,,,,,,,,,,,,,,,
62,2549,,0.00425630621612072,,0.003296028124168515,,0.011204042471945286,,0.0,,0.0640125423669815,,1.0,,0.3111780285835266,,,0.0,0.0,,6.44779865979217e-05,,206.91148376464844,,0.17389212548732758,,0.07388873398303986,,,1.6521703004837036,,1.0,,0.16082552075386047,,,,,,,,,,,,,,,,,,
62,2559,,0.004898048937320709,,0.004175301641225815,,0.010485731065273285,,0.0,,0.05833176523447037,,1.0,,0.31065633893013,,,0.0,0.0,,6.825783202657476e-05,,197.91244506835938,,0.1723400056362152,,0.0760301873087883,,,1.485906958580017,,1.0,,0.15897034108638763,,,,,,,,,,,,,,,,,,
62,2569,,0.0038558905944228172,,0.0013798510190099478,,0.010248619131743908,,0.0,,0.0698283314704895,,1.0,,0.33080559968948364,,,0.0,0.0,,0.00012506467464845628,,205.12542724609375,,0.17099936306476593,,0.06361835449934006,,,1.5946097373962402,,1.0,,0.15592828392982483,,,,,,,,,,,,,,,,,,
62,2579,,0.004559221211820841,,0.001973968930542469,,0.010327334515750408,,0.0,,0.057374533265829086,,1.0,,0.31848400831222534,,,0.0,0.0,,1.373318923469924e-06,,199.07015991210938,,0.17490549385547638,,0.06607368588447571,,,1.1427912712097168,,1.0,,0.15347686409950256,,,,,,,,,,,,,,,,,,
62,2582,,,,,,,,,,,,,,,,,,,,,,,,,,,,,,,,,,,0.010097028687596321,0.011663652025163174,0.013945110142230988,0.0,0.11763812601566315,1.0,0.3176097571849823,0.0,0.0,2.101482095895335e-05,203.7703857421875,0.1730998456478119,0.40871864557266235,1.333025336265564,2.397047281265259,1.0,0.36201369762420654
62,2582,0.004687792621552944,,0.002767083002254367,,0.011124522425234318,,0.0,,0.0650629773736,,1.0,,0.3204459547996521,,0.0,0.0,,,6.211255822563544e-05,,202.9376678466797,,0.17402498424053192,,0.07188674807548523,,1.361332893371582,2.016291856765747,,1.0,,0.16035830974578857,,0.22619615495204926,,,,,,,,,,,,,,,,,
63,2589,,0.004097515717148781,,0.0018257737392559648,,0.01049910206347704,,0.0,,0.061097219586372375,,1.0,,0.3139995336532593,,,0.0,0.0,,2.355228571104817e-05,,197.04818725585938,,0.171584814786911,,0.06337384879589081,,,1.1764811277389526,,1.0,,0.15205128490924835,,,,,,,,,,,,,,,,,,
63,2599,,0.0048615168780088425,,0.0011492635821923614,,0.011950312182307243,,0.0,,0.06223856285214424,,1.0,,0.331902414560318,,,0.0,0.0,,0.0001572436885908246,,201.0885467529297,,0.17409686744213104,,0.07088995724916458,,,1.4888155460357666,,1.0,,0.15789173543453217,,,,,,,,,,,,,,,,,,
63,2609,,0.005293272435665131,,0.002798579866066575,,0.011954961344599724,,0.0,,0.06470572203397751,,1.0,,0.3182826042175293,,,0.0,0.0,,7.174289748945739e-07,,198.53562927246094,,0.17181086540222168,,0.06381174921989441,,,1.3865586519241333,,1.0,,0.1554059535264969,,,,,,,,,,,,,,,,,,
63,2619,,0.004323153756558895,,0.002677975222468376,,0.00964124035090208,,0.0,,0.0586085245013237,,1.0,,0.3177057206630707,,,0.0,0.0,,1.5717120049885125e-06,,207.8944549560547,,0.1733430176973343,,0.0704696923494339,,,1.380716323852539,,1.0,,0.15567609667778015,,,,,,,,,,,,,,,,,,
63,2623,,,,,,,,,,,,,,,,,,,,,,,,,,,,,,,,,,,0.010169655084609985,0.010984341613948345,0.013578280806541443,0.0,0.11929549276828766,1.0,0.3206954300403595,0.0,0.0,2.063661304418929e-05,204.20315551757812,0.17377516627311707,0.4046058654785156,1.3348965644836426,2.3996007442474365,1.0,0.3607833981513977
63,2623,0.004834417253732681,,0.002778563415631652,,0.010956424288451672,,0.0,,0.06352154165506363,,1.0,,0.3209444582462311,,0.0,0.0,,,4.1003298974828795e-05,,202.91995239257812,,0.17452290654182434,,0.06981335580348969,,1.3660284280776978,2.0163962841033936,,1.0,,0.1588514894247055,,0.22685518860816956,,,,,,,,,,,,,,,,,
64,2629,,0.003598234849050641,,0.001261075958609581,,0.011789863929152489,,0.0,,0.060121845453977585,,1.0,,0.3186531960964203,,,0.0,0.0,,2.0193728289541468e-07,,197.86099243164062,,0.17094554007053375,,0.05785465985536575,,,1.5933189392089844,,1.0,,0.14806976914405823,,,,,,,,,,,,,,,,,,
64,2639,,0.004316842649132013,,0.003016709815710783,,0.013006561435759068,,0.0,,0.07754286378622055,,1.0,,0.3194146156311035,,,0.0,0.0,,1.343288147381827e-07,,200.2000732421875,,0.17432251572608948,,0.06383784860372543,,,1.4762475490570068,,1.0,,0.16281913220882416,,,,,,,,,,,,,,,,,,
64,2649,,0.0045571173541247845,,0.001081348629668355,,0.00985303521156311,,0.0,,0.056592438369989395,,1.0,,0.3157770037651062,,,0.0,0.0,,1.0491255125089083e-05,,209.48193359375,,0.16983217000961304,,0.06795667856931686,,,1.54254949092865,,1.0,,0.15100042521953583,,,,,,,,,,,,,,,,,,
64,2659,,0.005108899436891079,,0.0009737027576193213,,0.008690644055604935,,0.0,,0.06861604005098343,,1.0,,0.31448477506637573,,,0.0,0.0,,1.7014634067891166e-05,,203.7273406982422,,0.1730910837650299,,0.07818453758955002,,,1.2537946701049805,,1.0,,0.16386470198631287,,,,,,,,,,,,,,,,,,
64,2664,,,,,,,,,,,,,,,,,,,,,,,,,,,,,,,,,,,0.010367600247263908,0.011641218326985836,0.013698586262762547,0.0,0.12171216309070587,1.0,0.3220733106136322,0.0,0.0,2.1965510313748382e-05,203.71038818359375,0.17231091856956482,0.4214867353439331,1.340150237083435,2.398634910583496,1.0,0.3701401948928833
64,2664,0.004573158919811249,,0.0026485570706427097,,0.011021039448678493,,0.0,,0.06262562423944473,,1.0,,0.32028961181640625,,0.0,0.0,,,4.9643444071989506e-05,,202.9040069580078,,0.17371614277362823,,0.0693020448088646,,1.3681278228759766,2.0188162326812744,,1.0,,0.15755969285964966,,0.22620461881160736,,,,,,,,,,,,,,,,,
65,2669,,0.0048365481197834015,,0.0034053875133395195,,0.010267744772136211,,0.0,,0.07321835309267044,,1.0,,0.31391391158103943,,,0.0,0.0,,2.466446858306881e-05,,208.9226531982422,,0.17150551080703735,,0.06672222167253494,,,1.8432351350784302,,1.0,,0.1608831137418747,,,,,,,,,,,,,,,,,,
65,2679,,0.005072666332125664,,0.0009574415744282305,,0.010186386294662952,,0.0,,0.057078514248132706,,1.0,,0.333202064037323,,,0.0,0.0,,0.0001972205936908722,,208.689697265625,,0.17280510067939758,,0.06457836180925369,,,1.567488670349121,,1.0,,0.1513632833957672,,,,,,,,,,,,,,,,,,
65,2689,,0.004673825576901436,,0.0010318761924281716,,0.010161776095628738,,0.0,,0.05076391249895096,,1.0,,0.3263675570487976,,,0.0,0.0,,5.202989632380195e-05,,206.02890014648438,,0.16962091624736786,,0.05664726719260216,,,1.3245890140533447,,1.0,,0.14241109788417816,,,,,,,,,,,,,,,,,,
65,2699,,0.004971073940396309,,0.00401166221126914,,0.010747410356998444,,0.0,,0.05774253234267235,,1.0,,0.3226652145385742,,,0.0,0.0,,1.4615649888582993e-05,,202.01583862304688,,0.17150548100471497,,0.0561249777674675,,,1.3879144191741943,,1.0,,0.14825990796089172,,,,,,,,,,,,,,,,,,
65,2705,,,,,,,,,,,,,,,,,,,,,,,,,,,,,,,,,,,0.010310214012861252,0.011371285654604435,0.014355102553963661,0.0,0.11923593282699585,1.0,0.3228950500488281,0.0,0.0,3.094973726547323e-05,203.91671752929688,0.17296412587165833,0.40184253454208374,1.3385857343673706,2.3992972373962402,1.0,0.359313040971756
65,2705,0.004446230363100767,,0.0025156757328659296,,0.01098189689218998,,0.0,,0.0609978586435318,,1.0,,0.31969499588012695,,0.0,0.0,,,3.681686212075874e-05,,202.92742919921875,,0.1737099438905716,,0.06470069289207458,,1.3727443218231201,2.019843816757202,,1.0,,0.15430180728435516,,0.2257956564426422,,,,,,,,,,,,,,,,,
66,2709,,0.003944935277104378,,0.0025310299824923277,,0.011109061539173126,,0.0,,0.05991675704717636,,1.0,,0.32702845335006714,,,0.0,0.0,,5.694223000318743e-05,,202.22482299804688,,0.17365562915802002,,0.05818599462509155,,,1.1065844297409058,,1.0,,0.15025654435157776,,,,,,,,,,,,,,,,,,
66,2719,,0.005781810265034437,,0.004236244130879641,,0.011847596615552902,,0.0,,0.05963721126317978,,1.0,,0.32082852721214294,,,0.0,0.0,,4.948819878336508e-06,,195.51419067382812,,0.17362359166145325,,0.07315005362033844,,,1.1702287197113037,,1.0,,0.15940169990062714,,,,,,,,,,,,,,,,,,
66,2729,,0.004233083687722683,,0.0036116703413426876,,0.010795697569847107,,0.0,,0.06760381907224655,,1.0,,0.32330769300460815,,,0.0,0.0,,2.4746237613726407e-05,,196.08335876464844,,0.17231333255767822,,0.0669562816619873,,,1.3604838848114014,,1.0,,0.15845103561878204,,,,,,,,,,,,,,,,,,
66,2739,,0.0039051445201039314,,0.0035258708521723747,,0.010611949488520622,,0.0,,0.06221824139356613,,1.0,,0.3271907866001129,,,0.0,0.0,,7.046729297144338e-05,,201.29763793945312,,0.17201703786849976,,0.05702203884720802,,,1.3364008665084839,,1.0,,0.15044060349464417,,,,,,,,,,,,,,,,,,
66,2746,,,,,,,,,,,,,,,,,,,,,,,,,,,,,,,,,,,0.010124399326741695,0.011464991606771946,0.013907111249864101,0.0,0.11885229498147964,1.0,0.3122422695159912,0.0,0.0,8.457701915176585e-05,204.0371856689453,0.17224465310573578,0.4001987874507904,1.3428761959075928,2.3991472721099854,1.0,0.3578755557537079
66,2746,0.004244540352374315,,0.002807433484122157,,0.010697366669774055,,0.0,,0.061044078320264816,,1.0,,0.32094526290893555,,0.0,0.0,,,4.802811599802226e-05,,202.93345642089844,,0.17280541360378265,,0.06368695199489594,,1.375487208366394,2.020707607269287,,1.0,,0.15338794887065887,,0.22707122564315796,,,,,,,,,,,,,,,,,
67,2749,,0.00442031305283308,,0.0045167915523052216,,0.011347094550728798,,0.0,,0.05666990578174591,,1.0,,0.3160046339035034,,,0.0,0.0,,7.457115316356067e-06,,201.61215209960938,,0.1714617758989334,,0.05661383271217346,,,1.1992183923721313,,1.0,,0.147979736328125,,,,,,,,,,,,,,,,,,
67,2759,,0.004176137503236532,,0.0017957644304260612,,0.011203614994883537,,0.0,,0.0579705648124218,,1.0,,0.3232036530971527,,,0.0,0.0,,1.920910108310636e-05,,207.02403259277344,,0.1714422106742859,,0.051578983664512634,,,1.2629125118255615,,1.0,,0.14461180567741394,,,,,,,,,,,,,,,,,,
67,2769,,0.004516248591244221,,0.0028890310786664486,,0.011576983146369457,,0.0,,0.05442115291953087,,1.0,,0.32974326610565186,,,0.0,0.0,,0.00011221221939194947,,213.5858612060547,,0.17056789994239807,,0.06618708372116089,,,1.391919732093811,,1.0,,0.15050451457500458,,,,,,,,,,,,,,,,,,
67,2779,,0.004193544387817383,,0.0018922712188214064,,0.010675748810172081,,0.0,,0.06682494282722473,,1.0,,0.31274479627609253,,,0.0,0.0,,4.139454904361628e-05,,205.334228515625,,0.1718219369649887,,0.06203494966030121,,,1.2651300430297852,,1.0,,0.15447209775447845,,,,,,,,,,,,,,,,,,
67,2787,,,,,,,,,,,,,,,,,,,,,,,,,,,,,,,,,,,0.01021162886172533,0.012893750332295895,0.013798302970826626,0.0,0.11686329543590546,1.0,0.3161080777645111,0.0,0.0,2.5058878236450255e-05,203.58729553222656,0.171415314078331,0.39258888363838196,1.3470754623413086,2.4020602703094482,1.0,0.3533788025379181
67,2787,0.0042720455676317215,,0.002583687426522374,,0.01062637660652399,,0.0,,0.05985092371702194,,1.0,,0.3203132748603821,,0.0,0.0,,,4.6636167098768055e-05,,202.90977478027344,,0.1725340038537979,,0.058948908001184464,,1.3774302005767822,2.020807981491089,,1.0,,0.15018071234226227,,0.226365327835083,,,,,,,,,,,,,,,,,
68,2789,,0.004129879176616669,,0.0013171093305572867,,0.010645821690559387,,0.0,,0.05734210088849068,,1.0,,0.3204836845397949,,,0.0,0.0,,3.964689312851988e-06,,198.5386962890625,,0.17445874214172363,,0.05930923670530319,,,1.6877515316009521,,1.0,,0.14934509992599487,,,,,,,,,,,,,,,,,,
68,2799,,0.003485072171315551,,0.003457896178588271,,0.011102618649601936,,0.0,,0.062048010528087616,,1.0,,0.3187403678894043,,,0.0,0.0,,3.6291484661887807e-07,,200.3347625732422,,0.17037570476531982,,0.05394914746284485,,,1.3031611442565918,,1.0,,0.14776836335659027,,,,,,,,,,,,,,,,,,
68,2809,,0.0041390350088477135,,0.0013855646830052137,,0.00992828980088234,,0.0,,0.05100548639893532,,1.0,,0.3176182806491852,,,0.0,0.0,,4.247741287599638e-07,,200.97390747070312,,0.16746217012405396,,0.061731405556201935,,,1.3665987253189087,,1.0,,0.14385487139225006,,,,,,,,,,,,,,,,,,
68,2819,,0.004021204076707363,,0.0027718585915863514,,0.010653998702764511,,0.0,,0.061170414090156555,,1.0,,0.3207021653652191,,,0.0,0.0,,3.687028311105678e-06,,205.64022827148438,,0.16977578401565552,,0.05258779227733612,,,1.292909860610962,,1.0,,0.1462307721376419,,,,,,,,,,,,,,,,,,
68,2828,,,,,,,,,,,,,,,,,,,,,,,,,,,,,,,,,,,0.010158748365938663,0.01131446287035942,0.01304363738745451,0.0,0.11566866189241409,1.0,0.31793755292892456,0.0,0.0,2.248769669677131e-05,203.9297332763672,0.17161144316196442,0.4099583327770233,1.3476886749267578,2.401125192642212,1.0,0.3606714606285095
68,2828,0.00414111977443099,,0.0024842217098921537,,0.01093362271785736,,0.0,,0.05833359435200691,,1.0,,0.320030152797699,,0.0,0.0,,,1.9533621525624767e-05,,202.929931640625,,0.1717572957277298,,0.061146724969148636,,1.3801569938659668,2.021521806716919,,1.0,,0.1500346064567566,,0.22611331939697266,,,,,,,,,,,,,,,,,
69,2829,,0.0034433736000210047,,0.0011862076353281736,,0.010287177748978138,,0.0,,0.06166503578424454,,1.0,,0.32161596417427063,,,0.0,0.0,,6.401320206350647e-06,,205.7503662109375,,0.17461055517196655,,0.05831851810216904,,,1.3009076118469238,,1.0,,0.15064376592636108,,,,,,,,,,,,,,,,,,
69,2839,,0.003910108469426632,,0.003372077364474535,,0.012438160367310047,,0.0,,0.05792175233364105,,1.0,,0.3280870318412781,,,0.0,0.0,,7.958632340887561e-05,,205.71810913085938,,0.1706954836845398,,0.052054427564144135,,,1.3123693466186523,,1.0,,0.1452605277299881,,,,,,,,,,,,,,,,,,
69,2849,,0.004108134191483259,,0.0024161445908248425,,0.010400550439953804,,0.0,,0.054982248693704605,,1.0,,0.3122116029262543,,,0.0,0.0,,4.811655526282266e-05,,199.1305389404297,,0.1735088974237442,,0.05460762605071068,,,2.1819968223571777,,1.0,,0.14587563276290894,,,,,,,,,,,,,,,,,,
69,2859,,0.0034785852767527103,,0.0027738153003156185,,0.011446353979408741,,0.0,,0.04744755104184151,,1.0,,0.3260621130466461,,,0.0,0.0,,4.755446207127534e-05,,206.997802734375,,0.17391139268875122,,0.052309487015008926,,,1.248331069946289,,1.0,,0.14112883806228638,,,,,,,,,,,,,,,,,,
69,2869,,0.00423773005604744,,0.006685349624603987,,0.009671170264482498,,0.0,,0.05263092368841171,,1.0,,0.3239465653896332,,,0.0,0.0,,2.0720493921544403e-05,,201.76361083984375,,0.1710587739944458,,0.04492499679327011,,,1.353494644165039,,1.0,,0.1407463550567627,,,,,,,,,,,,,,,,,,
69,2869,,,,,,,,,,,,,,,,,,,,,,,,,,,,,,,,,,,0.009918618015944958,0.011716191656887531,0.012661732733249664,0.0,0.11660797148942947,1.0,0.32123905420303345,0.0,0.0,3.160654887324199e-05,203.93907165527344,0.17188279330730438,0.40093037486076355,1.349245548248291,2.4018993377685547,1.0,0.35680991411209106
69,2869,0.004272683523595333,,0.0023664406035095453,,0.010278377681970596,,0.0,,0.05816057324409485,,1.0,,0.3203083872795105,,0.0,0.0,,,2.7662037609843537e-05,,202.93768310546875,,0.17207160592079163,,0.058628425002098083,,1.3836443424224854,2.022817373275757,,1.0,,0.14879155158996582,,0.22618454694747925,,,,,,,,,,,,,,,,,
70,2879,,0.004338661674410105,,0.0017417302588000894,,0.011314183473587036,,0.0,,0.06889189034700394,,1.0,,0.3166484832763672,,,0.0,0.0,,6.197646143846214e-06,,200.71356201171875,,0.17195945978164673,,0.04991523176431656,,,1.197690486907959,,1.0,,0.14955800771713257,,,,,,,,,,,,,,,,,,
70,2889,,0.003935875371098518,,0.0008565934840589762,,0.00905008427798748,,0.0,,0.052956268191337585,,1.0,,0.3271777927875519,,,0.0,0.0,,6.788998143747449e-05,,210.01193237304688,,0.17842529714107513,,0.055864814668893814,,,1.3701462745666504,,1.0,,0.1469583809375763,,,,,,,,,,,,,,,,,,
70,2899,,0.003791919443756342,,0.001878345850855112,,0.010409470647573471,,0.0,,0.05843331292271614,,1.0,,0.31134670972824097,,,0.0,0.0,,5.6663262512302026e-05,,205.4791717529297,,0.1724465787410736,,0.06582745164632797,,,1.237654685974121,,1.0,,0.15225808322429657,,,,,,,,,,,,,,,,,,
70,2909,,0.004362678620964289,,0.0009992420673370361,,0.009971817024052143,,0.0,,0.052489083260297775,,1.0,,0.31731587648391724,,,0.0,-0.0,,1.8983084828505525e-06,,199.30953979492188,,0.17337703704833984,,0.05526852607727051,,,1.3993849754333496,,1.0,,0.1442464143037796,,,,,,,,,,,,,,,,,,
70,2910,,,,,,,,,,,,,,,,,,,,,,,,,,,,,,,,,,,0.009949722327291965,0.012522329576313496,0.013359714299440384,0.0,0.12217079102993011,1.0,0.3207308351993561,0.0,0.0,1.9954830349888653e-05,203.63035583496094,0.17129923403263092,0.4331100881099701,1.3601751327514648,2.406642436981201,1.0,0.37587204575538635
70,2910,0.004156284034252167,,0.002209697151556611,,0.010242132470011711,,0.0,,0.057971272617578506,,1.0,,0.3206654489040375,,0.0,0.0,,,2.719697295106016e-05,,202.94772338867188,,0.17206904292106628,,0.060319144278764725,,1.3881505727767944,2.0237550735473633,,1.0,,0.149400532245636,,0.2263553887605667,,,,,,,,,,,,,,,,,
71,2919,,0.0037175146862864494,,0.00165935093536973,,0.01128173153847456,,0.0,,0.07153686136007309,,1.0,,0.32239943742752075,,,0.0,-0.0,,8.785413228906691e-06,,205.31597900390625,,0.17503944039344788,,0.06480776518583298,,,1.076514720916748,,1.0,,0.15951304137706757,,,,,,,,,,,,,,,,,,
71,2929,,0.004164179787039757,,0.0013003211934119463,,0.010278964415192604,,0.0,,0.05824621766805649,,1.0,,0.32200658321380615,,,0.0,0.0,,6.888843927299604e-06,,206.07553100585938,,0.17112326622009277,,0.07495978474617004,,,1.3804538249969482,,1.0,,0.15592823922634125,,,,,,,,,,,,,,,,,,
71,2939,,0.004020793363451958,,0.004100492689758539,,0.011249530129134655,,0.0,,0.05333847925066948,,1.0,,0.31553298234939575,,,0.0,-0.0,,1.2920557310280856e-05,,191.52838134765625,,0.17148713767528534,,0.052584633231163025,,,1.3142268657684326,,1.0,,0.14389720559120178,,,,,,,,,,,,,,,,,,
71,2949,,0.0036645892541855574,,0.0022559133358299732,,0.01175820454955101,,0.0,,0.06378979235887527,,1.0,,0.32617130875587463,,,0.0,0.0,,4.6068656956776977e-05,,193.2427978515625,,0.1722826063632965,,0.05587461590766907,,,1.1386094093322754,,1.0,,0.15013261139392853,,,,,,,,,,,,,,,,,,
71,2951,,,,,,,,,,,,,,,,,,,,,,,,,,,,,,,,,,,0.01001691073179245,0.01231252122670412,0.013409504666924477,0.0,0.12094353884458542,1.0,0.3164881765842438,0.0,0.0,4.186521255178377e-05,203.6005096435547,0.1725487858057022,0.4174295663833618,1.3600823879241943,2.4045257568359375,1.0,0.3679875135421753
71,2951,0.004028873983770609,,0.002191283041611314,,0.011114037595689297,,0.0,,0.057632558047771454,,1.0,,0.3212975561618805,,0.0,0.0,,,3.359070251462981e-05,,202.91558837890625,,0.1716790497303009,,0.06171729043126106,,1.3914817571640015,2.024174690246582,,1.0,,0.14975270628929138,,0.22691726684570312,,,,,,,,,,,,,,,,,
72,2959,,0.003886555787175894,,0.0011745324591174722,,0.011257998645305634,,0.0,,0.05816805362701416,,1.0,,0.32318878173828125,,,0.0,-0.0,,1.0311807272955775e-05,,200.70684814453125,,0.17048873007297516,,0.06332637369632721,,,1.3433237075805664,,1.0,,0.14965307712554932,,,,,,,,,,,,,,,,,,
72,2969,,0.004792401567101479,,0.0011982893338426948,,0.010119108483195305,,0.0,,0.059952665120363235,,1.0,,0.3291025161743164,,,0.0,-0.0,,9.34332056203857e-05,,202.9183349609375,,0.1695176362991333,,0.06643159687519073,,,1.2477030754089355,,1.0,,0.1520049124956131,,,,,,,,,,,,,,,,,,
72,2979,,0.004209944047033787,,0.001101190922781825,,0.009776233695447445,,0.0,,0.063465416431427,,1.0,,0.3166227340698242,,,0.0,0.0,,6.15261888015084e-06,,210.6354217529297,,0.17132124304771423,,0.046246759593486786,,,1.2963039875030518,,1.0,,0.14415296912193298,,,,,,,,,,,,,,,,,,
72,2989,,0.0038600366096943617,,0.003144629765301943,,0.010508686304092407,,0.0,,0.049944985657930374,,1.0,,0.32470929622650146,,,0.0,0.0,,3.036226007679943e-05,,202.22909545898438,,0.17325934767723083,,0.07209917157888412,,,1.617140531539917,,1.0,,0.15222012996673584,,,,,,,,,,,,,,,,,,
72,2992,,,,,,,,,,,,,,,,,,,,,,,,,,,,,,,,,,,0.009907856583595276,0.01182253286242485,0.012918997555971146,0.0,0.11842983961105347,1.0,0.31305062770843506,0.0,0.0,7.362817268585786e-05,203.80516052246094,0.17093299329280853,0.42597031593322754,1.3618048429489136,2.405026435852051,1.0,0.3698604702949524
72,2992,0.004055805504322052,,0.0022475458681583405,,0.010659405961632729,,0.0,,0.05845207720994949,,1.0,,0.32013019919395447,,0.0,0.0,,,3.982451744377613e-05,,202.92237854003906,,0.17073769867420197,,0.06034170091152191,,1.3987489938735962,2.02642822265625,,1.0,,0.1490032970905304,,0.2258075326681137,,,,,,,,,,,,,,,,,
73,2999,,0.003608772996813059,,0.0019080889178439975,,0.008889731019735336,,0.0,,0.06586477905511856,,1.0,,0.3309475779533386,,,0.0,0.0,,0.00013222088455222547,,187.8464813232422,,0.17139983177185059,,0.06385203450918198,,,1.3687775135040283,,1.0,,0.15427184104919434,,,,,,,,,,,,,,,,,,
73,3009,,0.0038060105871409178,,0.002164717298001051,,0.011537098325788975,,0.0,,0.0582919642329216,,1.0,,0.32285937666893005,,,0.0,0.0,,1.5538054867647588e-05,,200.35191345214844,,0.17199960350990295,,0.061051711440086365,,,1.9143993854522705,,1.0,,0.14981848001480103,,,,,,,,,,,,,,,,,,
73,3019,,0.003791430965065956,,0.0018650487763807178,,0.008747953921556473,,0.0,,0.06434714794158936,,1.0,,0.3089287579059601,,,0.0,-0.0,,0.00010909800039371476,,209.26963806152344,,0.16980880498886108,,0.04534522071480751,,,1.5288888216018677,,1.0,,0.143508180975914,,,,,,,,,,,,,,,,,,
73,3029,,0.003946345299482346,,0.0025739260017871857,,0.009857423603534698,,0.0,,0.049580805003643036,,1.0,,0.32352837920188904,,,0.0,-0.0,,1.8601644114824012e-05,,197.65939331054688,,0.17292313277721405,,0.0598439984023571,,,1.4193787574768066,,1.0,,0.14542914927005768,,,,,,,,,,,,,,,,,,
73,3033,,,,,,,,,,,,,,,,,,,,,,,,,,,,,,,,,,,0.009917419403791428,0.01288837194442749,0.012940571643412113,0.0,0.11650324612855911,1.0,0.3125340938568115,0.0,0.0,6.098699668655172e-05,203.61167907714844,0.1708713322877884,0.4037686884403229,1.3659614324569702,2.40617036819458,1.0,0.3582990765571594
73,3033,0.0038849925622344017,,0.0020436933264136314,,0.010068047791719437,,0.0,,0.05877458304166794,,1.0,,0.32093071937561035,,0.0,0.0,,,8.373690070584416e-05,,202.92037963867188,,0.17126956582069397,,0.06049825996160507,,1.4008954763412476,2.027536630630493,,1.0,,0.1492842137813568,,0.22675612568855286,,,,,,,,,,,,,,,,,
74,3039,,0.0036280874628573656,,0.001164279761724174,,0.010916545055806637,,0.0,,0.059168241918087006,,1.0,,0.3277773857116699,,,0.0,0.0,,7.25516802049242e-05,,205.52261352539062,,0.1688254177570343,,0.05151064693927765,,,1.2897531986236572,,1.0,,0.14327625930309296,,,,,,,,,,,,,,,,,,
74,3049,,0.0035675165709108114,,0.005076623521745205,,0.00889170728623867,,0.0,,0.05836597830057144,,1.0,,0.3008285462856293,,,0.0,0.0,,0.00032885593827813864,,202.1383056640625,,0.1744261085987091,,0.049131546169519424,,,1.6626757383346558,,1.0,,0.14633747935295105,,,,,,,,,,,,,,,,,,
74,3059,,0.005124806426465511,,0.00590549036860466,,0.009265922009944916,,0.0,,0.05343011021614075,,1.0,,0.32347241044044495,,,0.0,0.0,,2.0019868316012435e-05,,195.76394653320312,,0.16929487884044647,,0.07484577596187592,,,1.2454109191894531,,1.0,,0.1552371233701706,,,,,,,,,,,,,,,,,,
74,3069,,0.0036129842046648264,,0.004828481003642082,,0.010232550092041492,,0.0,,0.050030577927827835,,1.0,,0.31680458784103394,,,0.0,0.0,,5.8041241572937e-06,,197.948974609375,,0.16818329691886902,,0.056183308362960815,,,1.6434447765350342,,1.0,,0.14244547486305237,,,,,,,,,,,,,,,,,,
74,3074,,,,,,,,,,,,,,,,,,,,,,,,,,,,,,,,,,,0.009986678138375282,0.011836014688014984,0.011868279427289963,0.0,0.12145594507455826,1.0,0.32448649406433105,0.0,0.0,4.677669130614959e-05,203.8685302734375,0.17024143040180206,0.40022438764572144,1.3747791051864624,2.4086639881134033,1.0,0.35808244347572327
74,3074,0.0039481245912611485,,0.0022812990937381983,,0.009790460579097271,,0.0,,0.05826806277036667,,1.0,,0.31987300515174866,,0.0,0.0,,,4.6615990868303925e-05,,202.896484375,,0.17028576135635376,,0.05526047199964523,,1.4053460359573364,2.026866912841797,,1.0,,0.1460242122411728,,0.2257862091064453,,,,,,,,,,,,,,,,,
75,3079,,0.0033197985030710697,,0.0015077400021255016,,0.010859687812626362,,0.0,,0.05465807020664215,,1.0,,0.3231971859931946,,,0.0,-0.0,,1.477101250202395e-05,,201.3439178466797,,0.16841064393520355,,0.04224874824285507,,,1.4759503602981567,,1.0,,0.13616585731506348,,,,,,,,,,,,,,,,,,
75,3089,,0.004045315086841583,,0.0023263110779225826,,0.008464708924293518,,0.0,,0.06271392852067947,,1.0,,0.32517528533935547,,,0.0,-0.0,,3.366931923665106e-05,,198.97723388671875,,0.17151610553264618,,0.07375779002904892,,,1.6384730339050293,,1.0,,0.1580430269241333,,,,,,,,,,,,,,,,,,
75,3099,,0.004469067789614201,,0.00215680873952806,,0.009128493256866932,,0.0,,0.06323683261871338,,1.0,,0.3135682940483093,,,0.0,-0.0,,3.0522911401931196e-05,,203.77413940429688,,0.17065566778182983,,0.05787067487835884,,,1.4106385707855225,,1.0,,0.15012262761592865,,,,,,,,,,,,,,,,,,
75,3109,,0.0035184326115995646,,0.0016751459334045649,,0.010528070852160454,,0.0,,0.05730064958333969,,1.0,,0.31134384870529175,,,0.0,0.0,,6.20878636254929e-05,,205.25775146484375,,0.1699785739183426,,0.04836805537343025,,,1.4381366968154907,,1.0,,0.14150427281856537,,,,,,,,,,,,,,,,,,
75,3115,,,,,,,,,,,,,,,,,,,,,,,,,,,,,,,,,,,0.009821098297834396,0.012567637488245964,0.012559037655591965,0.0,0.11967963725328445,1.0,0.32399407029151917,0.0,0.0,5.4303640354191884e-05,203.69839477539062,0.17114780843257904,0.4042622148990631,1.3745243549346924,2.4067161083221436,1.0,0.36002224683761597
75,3115,0.0038052077870815992,,0.002359585138037801,,0.009855694137513638,,0.0,,0.0554027259349823,,1.0,,0.3200264573097229,,0.0,0.0,,,5.859011071152054e-05,,202.973388671875,,0.17115111649036407,,0.05536513030529022,,1.4089415073394775,2.028423309326172,,1.0,,0.14505673944950104,,0.22597326338291168,,,,,,,,,,,,,,,,,
76,3119,,0.004151655361056328,,0.0019418526208028197,,0.009178953245282173,,0.0,,0.05051889270544052,,1.0,,0.3268718719482422,,,0.0,-0.0,,5.7398992794333026e-05,,202.40060424804688,,0.1708579808473587,,0.04987672343850136,,,1.2254152297973633,,1.0,,0.13962015509605408,,,,,,,,,,,,,,,,,,
76,3129,,0.003602484008297324,,0.0030514723621308804,,0.008432886563241482,,0.0,,0.0560118667781353,,1.0,,0.3098277151584625,,,0.0,0.0,,8.018565131351352e-05,,198.9855194091797,,0.17115050554275513,,0.04073652997612953,,,1.403881311416626,,1.0,,0.13815981149673462,,,,,,,,,,,,,,,,,,
76,3139,,0.00412740558385849,,0.001617889036424458,,0.009165391325950623,,0.0,,0.0504080131649971,,1.0,,0.30293264985084534,,,0.0,0.0,,0.0002523060829844326,,200.19741821289062,,0.17041435837745667,,0.04367707669734955,,,1.3944857120513916,,1.0,,0.1361650675535202,,,,,,,,,,,,,,,,,,
76,3149,,0.00378530309535563,,0.001503213425166905,,0.008855517953634262,,0.0,,0.048381444066762924,,1.0,,0.3221166729927063,,,0.0,0.0,,1.079322009900352e-05,,212.70501708984375,,0.16961166262626648,,0.04968545213341713,,,1.283815622329712,,1.0,,0.13737447559833527,,,,,,,,,,,,,,,,,,
76,3156,,,,,,,,,,,,,,,,,,,,,,,,,,,,,,,,,,,0.009743505157530308,0.01262610498815775,0.012284875847399235,0.0,0.11596113443374634,1.0,0.3159875273704529,0.0,0.0,1.1323368198645767e-05,203.57623291015625,0.17113131284713745,0.40857431292533875,1.3843002319335938,2.410775899887085,1.0,0.360252320766449
76,3156,0.0037790732458233833,,0.002042625332251191,,0.009696469642221928,,0.0,,0.05486723408102989,,1.0,,0.32021066546440125,,0.0,0.0,,,8.708295354153961e-05,,202.9239501953125,,0.1710352599620819,,0.051636770367622375,,1.4120279550552368,2.0297935009002686,,1.0,,0.1426936835050583,,0.22624002397060394,,,,,,,,,,,,,,,,,
77,3159,,0.0034657279029488564,,0.0007258475525304675,,0.008570963516831398,,0.0,,0.055979836732149124,,1.0,,0.3142162263393402,,,0.0,0.0,,2.0964309442206286e-05,,199.646240234375,,0.17012429237365723,,0.044372811913490295,,,1.4582998752593994,,1.0,,0.13820183277130127,,,,,,,,,,,,,,,,,,
77,3169,,0.003746235743165016,,0.0012989139650017023,,0.009055983275175095,,0.0,,0.0590943768620491,,1.0,,0.31756240129470825,,,0.0,0.0,,4.667464281737921e-07,,197.4971160888672,,0.16933149099349976,,0.04969822242856026,,,1.6423254013061523,,1.0,,0.1424904465675354,,,,,,,,,,,,,,,,,,
77,3179,,0.004119677934795618,,0.003086002543568611,,0.011984080076217651,,0.0,,0.050886668264865875,,1.0,,0.3105466961860657,,,0.0,0.0,,6.504831253550947e-05,,198.69580078125,,0.16556301712989807,,0.04879983142018318,,,1.2630053758621216,,1.0,,0.13745853304862976,,,,,,,,,,,,,,,,,,
77,3189,,0.004177743103355169,,0.0012767133302986622,,0.009665472432971,,0.0,,0.05995480716228485,,1.0,,0.3195086419582367,,,0.0,0.0,,4.2078229967046354e-07,,196.4408416748047,,0.17232662439346313,,0.0548577606678009,,,1.2336933612823486,,1.0,,0.1472635716199875,,,,,,,,,,,,,,,,,,
77,3197,,,,,,,,,,,,,,,,,,,,,,,,,,,,,,,,,,,0.009934737347066402,0.0122074531391263,0.012292826548218727,0.0,0.11551584303379059,1.0,0.32250091433525085,0.0,0.0,4.493818778428249e-05,203.78733825683594,0.1707155704498291,0.39975860714912415,1.3791393041610718,2.409191608428955,1.0,0.3553178608417511
77,3197,0.0037253687623888254,,0.0019463119097054005,,0.009762642905116081,,0.0,,0.055826153606176376,,1.0,,0.31983011960983276,,0.0,0.0,,,4.9733323976397514e-05,,202.91015625,,0.16952911019325256,,0.05412261188030243,,1.4182924032211304,2.0315966606140137,,1.0,,0.14357592165470123,,0.226078063249588,,,,,,,,,,,,,,,,,
78,3199,,0.0036495195236057043,,0.0008395577315241098,,0.00901171937584877,,0.0,,0.04815278947353363,,1.0,,0.324716180562973,,,0.0,0.0,,3.5659599234350026e-05,,198.90390014648438,,0.17117580771446228,,0.04719150438904762,,,1.3723292350769043,,1.0,,0.13642360270023346,,,,,,,,,,,,,,,,,,
78,3209,,0.0037582109216600657,,0.0022327115293592215,,0.010170289315283298,,0.0,,0.054294656962156296,,1.0,,0.3199922442436218,,,0.0,0.0,,1.065505443875736e-06,,206.26522827148438,,0.17420698702335358,,0.053297899663448334,,,1.3508641719818115,,1.0,,0.14491279423236847,,,,,,,,,,,,,,,,,,
78,3219,,0.003814188065007329,,0.002257103333249688,,0.008458953350782394,,0.0,,0.048712652176618576,,1.0,,0.3097477853298187,,,0.0,0.0,,7.793672557454556e-05,,206.3236541748047,,0.17061105370521545,,0.042471498250961304,,,1.2957260608673096,,1.0,,0.13481812179088593,,,,,,,,,,,,,,,,,,
78,3229,,0.0032424579840153456,,0.0009122492047026753,,0.009844625368714333,,0.0,,0.05502532795071602,,1.0,,0.3233981132507324,,,0.0,0.0,,2.7172960471943952e-05,,208.41452026367188,,0.1679053008556366,,0.04907700791954994,,,1.4158663749694824,,1.0,,0.1390792280435562,,,,,,,,,,,,,,,,,,
78,3238,,,,,,,,,,,,,,,,,,,,,,,,,,,,,,,,,,,0.010016665793955326,0.011889663524925709,0.012232895940542221,0.0,0.12353340536355972,1.0,0.32214245200157166,0.0,0.0,5.370786675484851e-05,204.03466796875,0.16980968415737152,0.43673810362815857,1.3842761516571045,2.4097721576690674,1.0,0.37724390625953674
78,3238,0.0037214457988739014,,0.0017905442509800196,,0.009520542807877064,,0.0,,0.05597836896777153,,1.0,,0.3201192617416382,,0.0,0.0,,,4.560475281323306e-05,,202.944091796875,,0.16996096074581146,,0.050121620297431946,,1.4203933477401733,2.031994581222534,,1.0,,0.14176133275032043,,0.22636930644512177,,,,,,,,,,,,,,,,,
79,3239,,0.003527130000293255,,0.0010188386077061296,,0.0079159801825881,,0.0,,0.04940856993198395,,1.0,,0.3166356086730957,,,0.0,0.0,,4.81174993183231e-06,,203.63906860351562,,0.16686508059501648,,0.04497864097356796,,,1.5799479484558105,,1.0,,0.133693128824234,,,,,,,,,,,,,,,,,,
79,3249,,0.004016965627670288,,0.0022947234101593494,,0.01048536691814661,,0.0,,0.05177539959549904,,1.0,,0.31830254197120667,,,0.0,0.0,,8.779409199632937e-09,,198.6858367919922,,0.16826535761356354,,0.040396157652139664,,,1.4302979707717896,,1.0,,0.13442283868789673,,,,,,,,,,,,,,,,,,
79,3259,,0.002978422911837697,,0.001983792521059513,,0.010128299705684185,,0.0,,0.05768958479166031,,1.0,,0.3245237171649933,,,0.0,0.0,,3.282029865658842e-05,,195.44259643554688,,0.17345884442329407,,0.056422989815473557,,,1.3772698640823364,,1.0,,0.14729605615139008,,,,,,,,,,,,,,,,,,
79,3269,,0.0035941749811172485,,0.0008988957270048559,,0.009407400153577328,,0.0,,0.057660412043333054,,1.0,,0.32381612062454224,,,0.0,0.0,,2.2432013793149963e-05,,208.63450622558594,,0.1697889268398285,,0.05206426605582237,,,1.6587157249450684,,1.0,,0.14295530319213867,,,,,,,,,,,,,,,,,,
79,3279,,0.003478419501334429,,0.003668250050395727,,0.008674209006130695,,0.0,,0.05308283120393753,,1.0,,0.3188052177429199,,,0.0,0.0,,2.1994623011778458e-07,,211.24630737304688,,0.1678825169801712,,0.06397058069705963,,,1.4214688539505005,,1.0,,0.14690883457660675,,,,,,,,,,,,,,,,,,
79,3279,,,,,,,,,,,,,,,,,,,,,,,,,,,,,,,,,,,0.009836936369538307,0.012166458182036877,0.01197073981165886,0.0,0.119863361120224,1.0,0.31401994824409485,0.0,0.0,3.914205444743857e-05,204.04571533203125,0.17033126950263977,0.3947935104370117,1.3876146078109741,2.4121952056884766,1.0,0.3547123968601227
79,3279,0.0036124880425632,,0.0016073222504928708,,0.009792454540729523,,0.0,,0.0543714314699173,,1.0,,0.32037222385406494,,0.0,0.0,,,3.4787710319506004e-05,,202.9036102294922,,0.1699124276638031,,0.04858507588505745,,1.42593514919281,2.0276827812194824,,1.0,,0.14004100859165192,,0.22657261788845062,,,,,,,,,,,,,,,,,
80,3289,,0.0037728887982666492,,0.002254643477499485,,0.009583617560565472,,0.0,,0.046271879225969315,,1.0,,0.3160664439201355,,,0.0,0.0,,8.25269307824783e-06,,202.36105346679688,,0.16668611764907837,,0.0468754768371582,,,1.4571025371551514,,1.0,,0.1338929831981659,,,,,,,,,,,,,,,,,,
80,3299,,0.00335648818872869,,0.0012446537148207426,,0.008857529610395432,,0.0,,0.06093616411089897,,1.0,,0.32254093885421753,,,0.0,0.0,,1.4258393093768973e-05,,209.47286987304688,,0.16769061982631683,,0.034076154232025146,,,1.3709797859191895,,1.0,,0.13454492390155792,,,,,,,,,,,,,,,,,,
80,3309,,0.0034843659959733486,,0.0018233931623399258,,0.009394561871886253,,0.0,,0.05733417347073555,,1.0,,0.3236997723579407,,,0.0,0.0,,2.0859914002357982e-05,,195.10403442382812,,0.16790178418159485,,0.03742881119251251,,,1.3007903099060059,,1.0,,0.1349361538887024,,,,,,,,,,,,,,,,,,
80,3319,,0.0035758663434535265,,0.0011658980511128902,,0.010257234796881676,,0.0,,0.04914170876145363,,1.0,,0.31555917859077454,,,0.0,0.0,,1.0718156772782095e-05,,207.00057983398438,,0.16932827234268188,,0.0341256782412529,,,1.3260223865509033,,1.0,,0.12969979643821716,,,,,,,,,,,,,,,,,,
80,3320,,,,,,,,,,,,,,,,,,,,,,,,,,,,,,,,,,,0.009769384749233723,0.012353562749922276,0.011459734290838242,0.0,0.11552803218364716,1.0,0.31535688042640686,0.0,0.0,3.463879693299532e-05,203.7110595703125,0.16936644911766052,0.3853205740451813,1.3878730535507202,2.411978006362915,1.0,0.34733229875564575
80,3320,0.0034878565929830074,,0.001439464744180441,,0.009211177937686443,,0.0,,0.05158582702279091,,1.0,,0.31961590051651,,0.0,0.0,,,2.65885355474893e-05,,202.93011474609375,,0.16842405498027802,,0.04005502536892891,,1.426025629043579,2.033496856689453,,1.0,,0.13343051075935364,,0.22574342787265778,,,,,,,,,,,,,,,,,
81,3329,,0.0032457641791552305,,0.0006603742367587984,,0.010104740969836712,,0.0,,0.04857349768280983,,1.0,,0.324208527803421,,,0.0,0.0,,2.865145870600827e-05,,203.251708984375,,0.16953276097774506,,0.03432093560695648,,,1.3461222648620605,,1.0,,0.12919145822525024,,,,,,,,,,,,,,,,,,
81,3339,,0.0038284987676888704,,0.0008815416949801147,,0.008773868903517723,,0.0,,0.043568916618824005,,1.0,,0.32547053694725037,,,0.0,0.0,,4.367366636870429e-05,,207.32763671875,,0.16855394840240479,,0.03888651356101036,,,1.5570099353790283,,1.0,,0.12875892221927643,,,,,,,,,,,,,,,,,,
81,3349,,0.003469313494861126,,0.0011948826722800732,,0.009358132258057594,,0.0,,0.06210246682167053,,1.0,,0.31817102432250977,,,0.0,0.0,,5.460449870042794e-07,,197.9633026123047,,0.1686047911643982,,0.0507766455411911,,,1.2951323986053467,,1.0,,0.14401014149188995,,,,,,,,,,,,,,,,,,
81,3359,,0.0029893354512751102,,0.0007603854755870998,,0.01066768728196621,,0.0,,0.04371234029531479,,1.0,,0.3155241906642914,,,0.0,0.0,,1.0065997230412904e-05,,199.66580200195312,,0.1678149700164795,,0.03377921134233475,,,1.473351240158081,,1.0,,0.1255999207496643,,,,,,,,,,,,,,,,,,
81,3361,,,,,,,,,,,,,,,,,,,,,,,,,,,,,,,,,,,0.009747966192662716,0.011869950219988823,0.011417352594435215,0.0,0.11520808935165405,1.0,0.314831405878067,0.0,0.0,3.654825559351593e-05,203.837890625,0.16946664452552795,0.38336506485939026,1.3873779773712158,2.41191029548645,1.0,0.34598883986473083
81,3361,0.003341931849718094,,0.0013349426444619894,,0.00911251176148653,,0.0,,0.05039570853114128,,1.0,,0.32015368342399597,,0.0,0.0,,,2.0258197764633223e-05,,202.9398651123047,,0.1682956963777542,,0.03645332157611847,,1.425966501235962,2.0336825847625732,,1.0,,0.13083216547966003,,0.22626498341560364,,,,,,,,,,,,,,,,,
82,3369,,0.00329395174048841,,0.0008729842957109213,,0.007612677291035652,,0.0,,0.04193532094359398,,1.0,,0.311506450176239,,,0.0,0.0,,5.173109093448147e-05,,207.56448364257812,,0.169826939702034,,0.0293163750320673,,,1.2242001295089722,,1.0,,0.1234099268913269,,,,,,,,,,,,,,,,,,
82,3379,,0.003244155552238226,,0.0009249799186363816,,0.009412070736289024,,0.0,,0.04792981222271919,,1.0,,0.3201740086078644,,,0.0,0.0,,1.7150612166005885e-06,,208.04763793945312,,0.16996170580387115,,0.03933589160442352,,,1.465951919555664,,1.0,,0.13164034485816956,,,,,,,,,,,,,,,,,,
82,3389,,0.003129555843770504,,0.0008960417471826077,,0.008642949163913727,,0.0,,0.042509593069553375,,1.0,,0.31319987773895264,,,0.0,0.0,,2.6479749067220837e-05,,193.396240234375,,0.16961169242858887,,0.034903429448604584,,,1.5443669557571411,,1.0,,0.12640269100666046,,,,,,,,,,,,,,,,,,
82,3399,,0.003384246723726392,,0.0024266261607408524,,0.009482242166996002,,0.0,,0.046926435083150864,,1.0,,0.32293862104415894,,,0.0,0.0,,1.5232374607876409e-05,,205.1885986328125,,0.16633470356464386,,0.03667754307389259,,,1.3463737964630127,,1.0,,0.12883061170578003,,,,,,,,,,,,,,,,,,
82,3402,,,,,,,,,,,,,,,,,,,,,,,,,,,,,,,,,,,0.009691045619547367,0.012145377695560455,0.011530494317412376,0.0,0.11630894988775253,1.0,0.31721413135528564,0.0,0.0,3.396258398424834e-05,203.80429077148438,0.1691969931125641,0.3878479301929474,1.3861699104309082,2.4112985134124756,1.0,0.34876516461372375
82,3402,0.00336441770195961,,0.0013542365049943328,,0.009080051444470882,,0.0,,0.04959917068481445,,1.0,,0.32003504037857056,,0.0,0.0,,,2.469682294758968e-05,,202.88714599609375,,0.16822203993797302,,0.03494275361299515,,1.4250372648239136,2.0289697647094727,,1.0,,0.1296616643667221,,0.22614611685276031,,,,,,,,,,,,,,,,,
83,3409,,0.003370317630469799,,0.0009602588252164423,,0.009246166795492172,,0.0,,0.04408888891339302,,1.0,,0.32106247544288635,,,0.0,0.0,,4.527200417214772e-06,,202.54736328125,,0.1652427315711975,,0.04135805368423462,,,1.5181083679199219,,1.0,,0.12843699753284454,,,,,,,,,,,,,,,,,,
83,3419,,0.0030154616106301546,,0.0005441092071123421,,0.00963602215051651,,0.0,,0.04573296383023262,,1.0,,0.32091158628463745,,,0.0,0.0,,5.331730790203437e-06,,206.416748046875,,0.16751709580421448,,0.03582767769694328,,,1.4355605840682983,,1.0,,0.1272849142551422,,,,,,,,,,,,,,,,,,
83,3429,,0.0031981170177459717,,0.0006593182915821671,,0.008636721409857273,,0.0,,0.04685261473059654,,1.0,,0.3188868463039398,,,0.0,0.0,,3.776396084731459e-09,,206.02841186523438,,0.17096465826034546,,0.036530058830976486,,,1.459181547164917,,1.0,,0.12996605038642883,,,,,,,,,,,,,,,,,,
83,3439,,0.0030645716469734907,,0.0011133785592392087,,0.010687754489481449,,0.0,,0.045928359031677246,,1.0,,0.3248916566371918,,,0.0,-0.0,,3.6273355362936854e-05,,198.50729370117188,,0.1674419641494751,,0.03520951420068741,,,1.3843474388122559,,1.0,,0.12746581435203552,,,,,,,,,,,,,,,,,,
83,3443,,,,,,,,,,,,,,,,,,,,,,,,,,,,,,,,,,,0.009735931642353535,0.011872748844325542,0.011495035141706467,0.0,0.11564059555530548,1.0,0.3154084086418152,0.0,0.0,2.2650816390523687e-05,203.9425048828125,0.16922183334827423,0.3879545331001282,1.3865160942077637,2.411489725112915,1.0,0.3483736515045166
83,3443,0.0032692705281078815,,0.0012897117994725704,,0.0090361088514328,,0.0,,0.0491102859377861,,1.0,,0.320295512676239,,0.0,0.0,,,2.0594772649928927e-05,,202.89076232910156,,0.16791634261608124,,0.034646593034267426,,1.4251084327697754,2.033261299133301,,1.0,,0.1290299892425537,,0.22639316320419312,,,,,,,,,,,,,,,,,
84,3449,,0.0031521590426564217,,0.0005566315958276391,,0.010143736377358437,,0.0,,0.04519816115498543,,1.0,,0.3193294405937195,,,0.0,0.0,,4.4025796341884416e-08,,198.99618530273438,,0.16828495264053345,,0.03725745528936386,,,1.2103583812713623,,1.0,,0.12823906540870667,,,,,,,,,,,,,,,,,,
84,3459,,0.003126241499558091,,0.0006168817635625601,,0.008828755468130112,,0.0,,0.050011396408081055,,1.0,,0.31955575942993164,,,0.0,0.0,,8.19037893506902e-07,,208.48240661621094,,0.16778892278671265,,0.029285196214914322,,,2.049255847930908,,1.0,,0.12629760801792145,,,,,,,,,,,,,,,,,,
84,3469,,0.003200528910383582,,0.0007976344204507768,,0.009821129962801933,,0.0,,0.041754744946956635,,1.0,,0.3225717544555664,,,0.0,0.0,,1.3891224625695031e-05,,205.13034057617188,,0.16881725192070007,,0.03568382188677788,,,1.4069883823394775,,1.0,,0.1261160522699356,,,,,,,,,,,,,,,,,,
84,3479,,0.003507048124447465,,0.0008122610161080956,,0.010932832956314087,,0.0,,0.04467540234327316,,1.0,,0.32500553131103516,,,0.0,0.0,,4.292786979931407e-05,,201.1653289794922,,0.17039929330348969,,0.03464820981025696,,,1.3393161296844482,,1.0,,0.12813584506511688,,,,,,,,,,,,,,,,,,
84,3484,,,,,,,,,,,,,,,,,,,,,,,,,,,,,,,,,,,0.009744124487042427,0.011998645961284637,0.011550869792699814,0.0,0.11630387604236603,1.0,0.31736013293266296,0.0,0.0,2.2501662897411734e-05,203.79495239257812,0.16972333192825317,0.3872641623020172,1.3871917724609375,2.4114885330200195,1.0,0.3486834168434143
84,3484,0.0032217728439718485,,0.0012610257836058736,,0.009101727046072483,,0.0,,0.04877561703324318,,1.0,,0.32000669836997986,,0.0,0.0,,,1.647984390729107e-05,,202.9366455078125,,0.16787202656269073,,0.0338933952152729,,1.425281047821045,2.033068895339966,,1.0,,0.1284303218126297,,0.2260911464691162,,,,,,,,,,,,,,,,,
85,3489,,0.003609801409766078,,0.0012772654881700873,,0.007019167300313711,,0.0,,0.061749111860990524,,1.0,,0.3176472783088684,,,0.0,0.0,,1.004449586616829e-06,,200.50399780273438,,0.16717317700386047,,0.03676477447152138,,,1.3995106220245361,,1.0,,0.1359895020723343,,,,,,,,,,,,,,,,,,
85,3499,,0.002836192725226283,,0.0012394473887979984,,0.00945236161351204,,0.0,,0.045206498354673386,,1.0,,0.32074910402297974,,,0.0,0.0,,3.075891527259955e-06,,196.3119354248047,,0.1665375828742981,,0.025523237884044647,,,1.3782479763031006,,1.0,,0.12161825597286224,,,,,,,,,,,,,,,,,,
85,3509,,0.0028687845915555954,,0.0010550450533628464,,0.008822310715913773,,0.0,,0.042873505502939224,,1.0,,0.3097793459892273,,,0.0,0.0,,7.553318573627621e-05,,208.48294067382812,,0.16752560436725616,,0.028728138655424118,,,1.5059537887573242,,1.0,,0.12244553864002228,,,,,,,,,,,,,,,,,,
85,3519,,0.003146745963022113,,0.0010963958920910954,,0.008732170797884464,,0.0,,0.043695367872714996,,1.0,,0.32449987530708313,,,0.0,0.0,,3.084681156906299e-05,,198.94754028320312,,0.1679377555847168,,0.034162990748882294,,,2.1231274604797363,,1.0,,0.1259082704782486,,,,,,,,,,,,,,,,,,
85,3525,,,,,,,,,,,,,,,,,,,,,,,,,,,,,,,,,,,0.00970412977039814,0.01247803121805191,0.01146996021270752,0.0,0.11524759232997894,1.0,0.31631407141685486,0.0,0.0,4.6754164941376075e-05,203.6749725341797,0.16934603452682495,0.3912821114063263,1.3862709999084473,2.4115076065063477,1.0,0.3501993417739868
85,3525,0.0032555777579545975,,0.001271651592105627,,0.00904308632016182,,0.0,,0.048252131789922714,,1.0,,0.3200540542602539,,0.0,0.0,,,2.4441427740384825e-05,,202.9395294189453,,0.16770635545253754,,0.03312172368168831,,1.4252843856811523,2.0327115058898926,,1.0,,0.12772026658058167,,0.22611813247203827,,,,,,,,,,,,,,,,,
86,3529,,0.003079835558310151,,0.0024802114348858595,,0.008566835895180702,,0.0,,0.04945376515388489,,1.0,,0.31684333086013794,,,0.0,0.0,,3.160035703331232e-06,,205.3203125,,0.16841794550418854,,0.029958348721265793,,,1.3100507259368896,,1.0,,0.1275533139705658,,,,,,,,,,,,,,,,,,
86,3539,,0.0034049618989229202,,0.0010346162598580122,,0.00900300219655037,,0.0,,0.04213566705584526,,1.0,,0.32051438093185425,,,0.0,0.0,,2.568199533925508e-06,,205.28616333007812,,0.17070969939231873,,0.028408203274011612,,,1.6557042598724365,,1.0,,0.12374815344810486,,,,,,,,,,,,,,,,,,
86,3549,,0.0036659291945397854,,0.0012477099662646651,,0.007924279198050499,,0.0,,0.04245809093117714,,1.0,,0.31888988614082336,,,0.0,0.0,,3.2810056893595174e-09,,211.1935272216797,,0.16828790307044983,,0.03339381515979767,,,1.5886907577514648,,1.0,,0.12531915307044983,,,,,,,,,,,,,,,,,,
86,3559,,0.003473276272416115,,0.0005722325295209885,,0.009545696899294853,,0.0,,0.042461689561605453,,1.0,,0.3272925317287445,,,0.0,0.0,,6.850772479083389e-05,,204.5414276123047,,0.16799981892108917,,0.032892871648073196,,,1.45875883102417,,1.0,,0.1246887668967247,,,,,,,,,,,,,,,,,,
86,3566,,,,,,,,,,,,,,,,,,,,,,,,,,,,,,,,,,,0.009717120788991451,0.011949807405471802,0.011376159265637398,0.0,0.11542720347642899,1.0,0.31675300002098083,0.0,0.0,1.836993033066392e-05,203.8229522705078,0.16915231943130493,0.38603878021240234,1.388602375984192,2.411987781524658,1.0,0.34728938341140747
86,3566,0.003192588221281767,,0.0012499530566856265,,0.009023420512676239,,0.0,,0.04765065014362335,,1.0,,0.3200657069683075,,0.0,0.0,,,1.5388422980322503e-05,,202.93873596191406,,0.16787457466125488,,0.032332584261894226,,1.4259562492370605,2.0322751998901367,,1.0,,0.1270601898431778,,0.22612521052360535,,,,,,,,,,,,,,,,,
87,3569,,0.0034398590214550495,,0.0007493183948099613,,0.00843873806297779,,0.0,,0.0503537543118,,1.0,,0.3188111186027527,,,0.0,0.0,,7.066915941322804e-08,,206.9126434326172,,0.16768363118171692,,0.031075410544872284,,,1.8952739238739014,,1.0,,0.12749488651752472,,,,,,,,,,,,,,,,,,
87,3579,,0.0029745702631771564,,0.0012108044466003776,,0.008690960705280304,,0.0,,0.04608939215540886,,1.0,,0.3178035616874695,,,0.0,0.0,,1.1663815939755295e-06,,208.2535400390625,,0.1683117151260376,,0.037642717361450195,,,1.4949982166290283,,1.0,,0.12898428738117218,,,,,,,,,,,,,,,,,,
87,3589,,0.0033443716820329428,,0.0010992486495524645,,0.00861269049346447,,0.0,,0.047565117478370667,,1.0,,0.32144325971603394,,,0.0,0.0,,5.320038781064795e-06,,201.93853759765625,,0.17066892981529236,,0.047227051109075546,,,1.7174310684204102,,1.0,,0.1358163058757782,,,,,,,,,,,,,,,,,,
87,3599,,0.002841232344508171,,0.0006530684768222272,,0.008150346577167511,,0.0,,0.04523662105202675,,1.0,,0.3184048533439636,,,0.0,0.0,,1.1300728353091927e-08,,208.95578002929688,,0.1646822988986969,,0.029040060937404633,,,1.400102972984314,,1.0,,0.12204168736934662,,,,,,,,,,,,,,,,,,
87,3607,,,,,,,,,,,,,,,,,,,,,,,,,,,,,,,,,,,0.009723898023366928,0.012090967036783695,0.011475453153252602,0.0,0.11596810072660446,1.0,0.3161732852458954,0.0,0.0,3.591805580072105e-05,203.7812042236328,0.16930575668811798,0.38579362630844116,1.387062907218933,2.411593198776245,1.0,0.34760671854019165
87,3607,0.0031375489197671413,,0.0012532990658655763,,0.009068627841770649,,0.0,,0.047429777681827545,,1.0,,0.3205733597278595,,0.0,0.0,,,2.6047209757962264e-05,,202.92361450195312,,0.16759900748729706,,0.03241461515426636,,1.425447940826416,2.033112049102783,,1.0,,0.12683698534965515,,0.22661544382572174,,,,,,,,,,,,,,,,,
88,3609,,0.003457755548879504,,0.0014137702528387308,,0.009358396753668785,,0.0,,0.041536491364240646,,1.0,,0.32082605361938477,,,0.0,0.0,,3.979538632847834e-06,,204.4532470703125,,0.16623452305793762,,0.031698957085609436,,,1.4606493711471558,,1.0,,0.12310858070850372,,,,,,,,,,,,,,,,,,
88,3619,,0.0032737478613853455,,0.0012879298301413655,,0.008670318871736526,,0.0,,0.05094703659415245,,1.0,,0.3170619010925293,,,0.0,0.0,,3.860234301100718e-06,,204.20079040527344,,0.1671377271413803,,0.034403588622808456,,,1.7752981185913086,,1.0,,0.12939397990703583,,,,,,,,,,,,,,,,,,
88,3629,,0.0033059120178222656,,0.0005692265112884343,,0.008451155386865139,,0.0,,0.04929457977414131,,1.0,,0.3131234049797058,,,0.0,0.0,,3.555236617103219e-05,,198.82247924804688,,0.16647914052009583,,0.02666209265589714,,,1.5276424884796143,,1.0,,0.1240183636546135,,,,,,,,,,,,,,,,,,
88,3639,,0.0031773450318723917,,0.0011185347102582455,,0.00890527293086052,,0.0,,0.045257728546857834,,1.0,,0.31796225905418396,,,0.0,0.0,,6.336479145829799e-07,,203.3064422607422,,0.16812913119792938,,0.03213537484407425,,,1.494638442993164,,1.0,,0.12579990923404694,,,,,,,,,,,,,,,,,,
88,3648,,,,,,,,,,,,,,,,,,,,,,,,,,,,,,,,,,,0.009779554791748524,0.012096640653908253,0.011493324302136898,0.0,0.11787573993206024,1.0,0.3195929527282715,0.0,0.0,1.6338626664946787e-05,203.77862548828125,0.1694246381521225,0.38810911774635315,1.3861602544784546,2.411088705062866,1.0,0.34980034828186035
88,3648,0.003166280221194029,,0.0012155118165537715,,0.009058207273483276,,0.0,,0.04754489287734032,,1.0,,0.3193957507610321,,0.0,0.0,,,1.7051439499482512e-05,,202.9329071044922,,0.1677086353302002,,0.03291401267051697,,1.425750732421875,2.032804250717163,,1.0,,0.1271890252828598,,0.22545084357261658,,,,,,,,,,,,,,,,,
89,3649,,0.0032110516913235188,,0.001604074495844543,,0.00784564670175314,,0.0,,0.048906780779361725,,1.0,,0.32179468870162964,,,0.0,0.0,,9.53591188590508e-06,,198.73826599121094,,0.1693526655435562,,0.035088978707790375,,,1.3783725500106812,,1.0,,0.12987111508846283,,,,,,,,,,,,,,,,,,
89,3659,,0.003243539948016405,,0.001579005504027009,,0.009459410794079304,,0.0,,0.04263963922858238,,1.0,,0.32254067063331604,,,0.0,0.0,,1.0595475941954646e-05,,201.34518432617188,,0.1665414273738861,,0.025644131004810333,,,1.3226972818374634,,1.0,,0.12077510356903076,,,,,,,,,,,,,,,,,,
89,3669,,0.0032686663325875998,,0.0007121238159015775,,0.009337490424513817,,0.0,,0.045172855257987976,,1.0,,0.3234786093235016,,,0.0,0.0,,1.9263085050624795e-05,,206.8194580078125,,0.16848886013031006,,0.03179292380809784,,,1.341275930404663,,1.0,,0.12566109001636505,,,,,,,,,,,,,,,,,,
89,3679,,0.0032524277921766043,,0.0013633600901812315,,0.00839628092944622,,0.0,,0.04557598754763603,,1.0,,0.3196955621242523,,,0.0,-0.0,,2.9165173032197345e-07,,200.59359741210938,,0.16611501574516296,,0.045440126210451126,,,1.1603641510009766,,1.0,,0.13171324133872986,,,,,,,,,,,,,,,,,,
89,3689,,0.0035188770852983,,0.0011561043793335557,,0.009271187707781792,,0.0,,0.04628576338291168,,1.0,,0.325864315032959,,,0.0,0.0,,4.770399027620442e-05,,202.12014770507812,,0.1672409176826477,,0.032980963587760925,,,1.4499869346618652,,1.0,,0.12654228508472443,,,,,,,,,,,,,,,,,,
89,3689,,,,,,,,,,,,,,,,,,,,,,,,,,,,,,,,,,,0.009749689139425755,0.012272536754608154,0.011390918865799904,0.0,0.1172756627202034,1.0,0.31637245416641235,0.0,0.0,1.6689111362211406e-05,203.7555694580078,0.16918490827083588,0.3884897232055664,1.386199712753296,2.4110569953918457,1.0,0.34963372349739075
89,3689,0.0031908343080431223,,0.0012099019950255752,,0.009047191590070724,,0.0,,0.04715051129460335,,1.0,,0.32055172324180603,,0.0,0.0,,,2.68106596195139e-05,,202.92770385742188,,0.16744425892829895,,0.0322711244225502,,1.4241929054260254,2.033315420150757,,1.0,,0.12655143439769745,,0.2265821099281311,,,,,,,,,,,,,,,,,
90,3699,,0.0033686282113194466,,0.0024300357326865196,,0.007676165085285902,,0.0,,0.047986552119255066,,1.0,,0.3221655786037445,,,0.0,0.0,,1.299490213568788e-05,,202.0524139404297,,0.16871699690818787,,0.03242911398410797,,,1.3011599779129028,,1.0,,0.12823978066444397,,,,,,,,,,,,,,,,,,
90,3709,,0.0032429632265120745,,0.0023127237800508738,,0.010665865615010262,,0.0,,0.04856739565730095,,1.0,,0.3258036673069,,,0.0,0.0,,4.2931773350574076e-05,,201.59341430664062,,0.16705884039402008,,0.03513770550489426,,,1.4817960262298584,,1.0,,0.12924787402153015,,,,,,,,,,,,,,,,,,
90,3719,,0.0033965688198804855,,0.000664643244817853,,0.00871429592370987,,0.0,,0.04599812626838684,,1.0,,0.31696709990501404,,,0.0,0.0,,3.1771176054462558e-06,,199.1628875732422,,0.17127725481987,,0.04136664420366287,,,1.4265332221984863,,1.0,,0.1322246491909027,,,,,,,,,,,,,,,,,,
90,3729,,0.0032711164094507694,,0.0008972820360213518,,0.010235747322440147,,0.0,,0.04303593561053276,,1.0,,0.3203519880771637,,,0.0,0.0,,1.4426964298763778e-06,,201.906494140625,,0.16836531460285187,,0.03459680825471878,,,1.329882264137268,,1.0,,0.12610752880573273,,,,,,,,,,,,,,,,,,
90,3730,,,,,,,,,,,,,,,,,,,,,,,,,,,,,,,,,,,0.009721771813929081,0.01202083844691515,0.011406554840505123,0.0,0.1175200566649437,1.0,0.3181633949279785,0.0,0.0,3.028017636097502e-05,203.8326873779297,0.16924721002578735,0.385957807302475,1.3868073225021362,2.4112534523010254,1.0,0.3483896553516388
90,3730,0.0030988273210823536,,0.0012146530207246542,,0.00901377946138382,,0.0,,0.04681411013007164,,1.0,,0.3199925124645233,,0.0,0.0,,,1.6950822100625373e-05,,202.95062255859375,,0.16785533726215363,,0.03152056783437729,,1.4246997833251953,2.0332231521606445,,1.0,,0.1261616051197052,,0.22602003812789917,,,,,,,,,,,,,,,,,
91,3739,,0.003200663486495614,,0.0007617268129251897,,0.007191433571279049,,0.0,,0.04520580172538757,,1.0,,0.31608065962791443,,,0.0,0.0,,5.336135927791474e-06,,200.78909301757812,,0.16832256317138672,,0.030610479414463043,,,1.8867045640945435,,1.0,,0.12477243691682816,,,,,,,,,,,,,,,,,,
91,3749,,0.002839447697624564,,0.0009930216474458575,,0.00993192195892334,,0.0,,0.05095298960804939,,1.0,,0.32457235455513,,,0.0,-0.0,,2.9641572837135755e-05,,205.236083984375,,0.16922228038311005,,0.03173814341425896,,,1.4822320938110352,,1.0,,0.12888094782829285,,,,,,,,,,,,,,,,,,
91,3759,,0.003235197626054287,,0.0007608747691847384,,0.008808305487036705,,0.0,,0.04717274382710457,,1.0,,0.31655454635620117,,,0.0,0.0,,3.983701390097849e-06,,197.21261596679688,,0.16737100481987,,0.02835688367486,,,1.5086920261383057,,1.0,,0.12433116137981415,,,,,,,,,,,,,,,,,,
91,3769,,0.0033224730286747217,,0.0013004655484110117,,0.008185657672584057,,0.0,,0.04753495380282402,,1.0,,0.31374064087867737,,,0.0,0.0,,2.442748700559605e-05,,207.2020263671875,,0.16628240048885345,,0.024110371246933937,,,1.3722198009490967,,1.0,,0.12210611253976822,,,,,,,,,,,,,,,,,,
91,3771,,,,,,,,,,,,,,,,,,,,,,,,,,,,,,,,,,,0.009779969230294228,0.012005376629531384,0.01139157172292471,0.0,0.11747833341360092,1.0,0.31704047322273254,0.0,0.0,1.705089925962966e-05,203.85519409179688,0.16923081874847412,0.38490384817123413,1.3875222206115723,2.41157865524292,1.0,0.3478468656539917
91,3771,0.00312519702129066,,0.0012019643327221274,,0.009037382900714874,,0.0,,0.04681992530822754,,1.0,,0.3202340006828308,,0.0,0.0,,,1.5720708688604645e-05,,202.94378662109375,,0.16766254603862762,,0.031206639483571053,,1.4251683950424194,2.031541109085083,,1.0,,0.12591974437236786,,0.22623680531978607,,,,,,,,,,,,,,,,,
92,3779,,0.003297901013866067,,0.0015673551242798567,,0.008253989741206169,,0.0,,0.04544289410114288,,1.0,,0.32642650604248047,,,0.0,0.0,,4.9531729018781334e-05,,201.6197509765625,,0.16643811762332916,,0.03146432712674141,,,1.22077214717865,,1.0,,0.12495545297861099,,,,,,,,,,,,,,,,,,
92,3789,,0.0030398950912058353,,0.0008401761879213154,,0.009005548432469368,,0.0,,0.04632403701543808,,1.0,,0.3198619782924652,,,0.0,0.0,,1.179032665277191e-06,,202.7882537841797,,0.16660965979099274,,0.03246963024139404,,,1.5816466808319092,,1.0,,0.12554284930229187,,,,,,,,,,,,,,,,,,
92,3799,,0.0032305659260600805,,0.0013657156378030777,,0.009090806357562542,,0.0,,0.049374621361494064,,1.0,,0.3206581175327301,,,0.0,0.0,,4.176686161372345e-06,,198.52488708496094,,0.1671437919139862,,0.03733835741877556,,,1.344956874847412,,1.0,,0.13013769686222076,,,,,,,,,,,,,,,,,,
92,3809,,0.0030878139659762383,,0.0006740543758496642,,0.007977118715643883,,0.0,,0.04078657925128937,,1.0,,0.31365424394607544,,,0.0,0.0,,2.6055129637825303e-05,,205.68511962890625,,0.16665886342525482,,0.025025561451911926,,,1.3757911920547485,,1.0,,0.11892718076705933,,,,,,,,,,,,,,,,,,
92,3812,,,,,,,,,,,,,,,,,,,,,,,,,,,,,,,,,,,0.009767240844666958,0.012238621711730957,0.011465952731668949,0.0,0.11717738211154938,1.0,0.3172858655452728,0.0,0.0,3.900372394127771e-05,203.74267578125,0.16908448934555054,0.38789132237434387,1.387258529663086,2.411367416381836,1.0,0.3492455780506134
92,3812,0.0031583828385919333,,0.0011517902603372931,,0.009023439139127731,,0.0,,0.04651818796992302,,1.0,,0.32064130902290344,,0.0,0.0,,,2.0068086087121628e-05,,202.97210693359375,,0.1670781522989273,,0.031010063365101814,,1.4260393381118774,2.0335795879364014,,1.0,,0.12537063658237457,,0.22662918269634247,,,,,,,,,,,,,,,,,
93,3819,,0.002986825769767165,,0.00222082925029099,,0.0074868835508823395,,0.0,,0.04601180925965309,,1.0,,0.3116016387939453,,,0.0,0.0,,5.261323167360388e-05,,208.5779266357422,,0.16654086112976074,,0.030868414789438248,,,1.195544958114624,,1.0,,0.1250893473625183,,,,,,,,,,,,,,,,,,
93,3829,,0.0030475053936243057,,0.0005003662663511932,,0.00902367290109396,,0.0,,0.04416312277317047,,1.0,,0.32288694381713867,,,0.0,0.0,,1.3748195669904817e-05,,203.1764373779297,,0.1679263561964035,,0.028176819905638695,,,1.5804460048675537,,1.0,,0.12281633168458939,,,,,,,,,,,,,,,,,,
93,3839,,0.0031767268665134907,,0.0006421137368306518,,0.008999531157314777,,0.0,,0.037363432347774506,,1.0,,0.3207656741142273,,,0.0,0.0,,3.5874511468136916e-06,,206.91757202148438,,0.1652439534664154,,0.026366127654910088,,,2.186876058578491,,1.0,,0.1172979399561882,,,,,,,,,,,,,,,,,,
93,3849,,0.002969762310385704,,0.0008632140816189349,,0.008881993591785431,,0.0,,0.042725346982479095,,1.0,,0.32108908891677856,,,0.0,0.0,,5.090706054033944e-06,,193.4793701171875,,0.1680145263671875,,0.030303575098514557,,,1.3357970714569092,,1.0,,0.12332896143198013,,,,,,,,,,,,,,,,,,
93,3853,,,,,,,,,,,,,,,,,,,,,,,,,,,,,,,,,,,0.009707118384540081,0.012189148925244808,0.011410770006477833,0.0,0.11656419187784195,1.0,0.31684258580207825,0.0,0.0,2.8671005566138774e-05,203.77578735351562,0.16936920583248138,0.3868938386440277,1.387785792350769,2.411482572555542,1.0,0.34851717948913574
93,3853,0.0030416452791541815,,0.001168408547528088,,0.009010609239339828,,0.0,,0.046333637088537216,,1.0,,0.3205419182777405,,0.0,0.0,,,2.090957059408538e-05,,202.92816162109375,,0.16748033463954926,,0.030494390055537224,,1.425834059715271,2.031602144241333,,1.0,,0.1251707226037979,,0.22652465105056763,,,,,,,,,,,,,,,,,
94,3859,,0.00330033409409225,,0.001802749582566321,,0.009677800349891186,,0.0,,0.04471942037343979,,1.0,,0.32449930906295776,,,0.0,0.0,,2.9405475288513117e-05,,201.55169677734375,,0.16920308768749237,,0.02962741255760193,,,1.2030423879623413,,1.0,,0.12530899047851562,,,,,,,,,,,,,,,,,,
94,3869,,0.0033248525578528643,,0.0005446421564556658,,0.010630188509821892,,0.0,,0.04728609696030617,,1.0,,0.33064746856689453,,,0.0,0.0,,0.00012899214925710112,,201.34359741210938,,0.16836097836494446,,0.0361924022436142,,,1.2791601419448853,,1.0,,0.12898199260234833,,,,,,,,,,,,,,,,,,
94,3879,,0.0033191447146236897,,0.0009920287411659956,,0.01001734845340252,,0.0,,0.04143427312374115,,1.0,,0.3264375627040863,,,0.0,0.0,,5.146435432834551e-05,,202.60104370117188,,0.16821227967739105,,0.03121204301714897,,,1.7489984035491943,,1.0,,0.12361235916614532,,,,,,,,,,,,,,,,,,
94,3889,,0.0032345002982765436,,0.0013853900600224733,,0.008842412382364273,,0.0,,0.04530809074640274,,1.0,,0.32433652877807617,,,0.0,0.0,,2.733523433562368e-05,,206.802734375,,0.16739386320114136,,0.028412671759724617,,,1.2486414909362793,,1.0,,0.12376516312360764,,,,,,,,,,,,,,,,,,
94,3894,,,,,,,,,,,,,,,,,,,,,,,,,,,,,,,,,,,0.00973077118396759,0.01218334585428238,0.011432248167693615,0.0,0.11699505150318146,1.0,0.316720187664032,0.0,0.0,3.659724825411104e-05,203.7710723876953,0.16912339627742767,0.3871716558933258,1.3873616456985474,2.4115519523620605,1.0,0.348763644695282
94,3894,0.0031280945986509323,,0.0011572059011086822,,0.009012052789330482,,0.0,,0.04640408605337143,,1.0,,0.32029953598976135,,0.0,0.0,,,2.2337382688419893e-05,,202.92581176757812,,0.16756443679332733,,0.03023511916399002,,1.4252766370773315,2.0311360359191895,,1.0,,0.12515683472156525,,0.22628924250602722,,,,,,,,,,,,,,,,,
95,3899,,0.003154987934976816,,0.0004503951931837946,,0.008274979889392853,,0.0,,0.045358505100011826,,1.0,,0.3230578303337097,,,0.0,0.0,,1.9130809960188344e-05,,199.065673828125,,0.16435524821281433,,0.026633761823177338,,,1.4617950916290283,,1.0,,0.1208135187625885,,,,,,,,,,,,,,,,,,
95,3909,,0.0033332831226289272,,0.0005740798660553992,,0.00826955959200859,,0.0,,0.046425968408584595,,1.0,,0.3209931254386902,,,0.0,0.0,,4.075891865795711e-06,,205.1910858154297,,0.16848766803741455,,0.029454432427883148,,,1.3447879552841187,,1.0,,0.12496671080589294,,,,,,,,,,,,,,,,,,
95,3919,,0.0029147558379918337,,0.002447158098220825,,0.009501850232481956,,0.0,,0.046261969953775406,,1.0,,0.3263667821884155,,,0.0,0.0,,5.464679270517081e-05,,197.1951904296875,,0.16686832904815674,,0.03588734194636345,,,1.2162315845489502,,1.0,,0.1281672865152359,,,,,,,,,,,,,,,,,,
95,3929,,0.003007458755746484,,0.0026079046074301004,,0.008308432064950466,,0.0,,0.04442613199353218,,1.0,,0.31803274154663086,,,0.0,0.0,,1.406097226208658e-06,,204.84774780273438,,0.17049740254878998,,0.02751953713595867,,,1.3870177268981934,,1.0,,0.12486076354980469,,,,,,,,,,,,,,,,,,
95,3935,,,,,,,,,,,,,,,,,,,,,,,,,,,,,,,,,,,0.009746607393026352,0.012106897309422493,0.011433333158493042,0.0,0.11643269658088684,1.0,0.3168382942676544,0.0,0.0,2.2714191800332628e-05,203.79774475097656,0.1691965013742447,0.3874239921569824,1.386635661125183,2.411147117614746,1.0,0.3486080467700958
95,3935,0.0031186651904135942,,0.0011714290594682097,,0.009034933522343636,,0.0,,0.04654642567038536,,1.0,,0.3202003836631775,,0.0,0.0,,,2.2054024157114327e-05,,202.92662048339844,,0.16745705902576447,,0.030698150396347046,,1.425319790840149,2.031853675842285,,1.0,,0.12541040778160095,,0.22619235515594482,,,,,,,,,,,,,,,,,
96,3939,,0.0028785872273147106,,0.0004990536253899336,,0.0091314148157835,,0.0,,0.04385453835129738,,1.0,,0.3223353326320648,,,0.0,0.0,,1.114986662287265e-05,,200.99252319335938,,0.16635219752788544,,0.028631944209337234,,,1.5745747089385986,,1.0,,0.12202687561511993,,,,,,,,,,,,,,,,,,
96,3949,,0.003328139428049326,,0.0022572113666683435,,0.007603440433740616,,0.0,,0.04861320182681084,,1.0,,0.31737250089645386,,,0.0,0.0,,2.984227194247069e-06,,202.01165771484375,,0.17043161392211914,,0.025945007801055908,,,1.476400375366211,,1.0,,0.12604942917823792,,,,,,,,,,,,,,,,,,
96,3959,,0.0033058307599276304,,0.0010838177986443043,,0.009253616444766521,,0.0,,0.05175676941871643,,1.0,,0.3225662112236023,,,0.0,0.0,,1.294735284318449e-05,,213.02780151367188,,0.16840136051177979,,0.0335913822054863,,,1.2160296440124512,,1.0,,0.13000141084194183,,,,,,,,,,,,,,,,,,
96,3969,,0.003103541675955057,,0.0007792998803779483,,0.008680853992700577,,0.0,,0.04565557837486267,,1.0,,0.3183870315551758,,,0.0,0.0,,3.588329491321929e-07,,206.76211547851562,,0.16738483309745789,,0.02985735423862934,,,1.334874153137207,,1.0,,0.12425856292247772,,,,,,,,,,,,,,,,,,
96,3976,,,,,,,,,,,,,,,,,,,,,,,,,,,,,,,,,,,0.009731448255479336,0.012308355420827866,0.011511756107211113,0.0,0.116798996925354,1.0,0.3169739246368408,0.0,0.0,2.8497204766608775e-05,203.74215698242188,0.16929501295089722,0.3895402252674103,1.3867135047912598,2.4112327098846436,1.0,0.3500024378299713
96,3976,0.0031507881358265877,,0.0011477548396214843,,0.009004004299640656,,0.0,,0.04629873111844063,,1.0,,0.319949746131897,,0.0,0.0,,,2.1623978682328016e-05,,202.928955078125,,0.16770201921463013,,0.030062904581427574,,1.425213098526001,2.033179759979248,,1.0,,0.12509232759475708,,0.22594796121120453,,,,,,,,,,,,,,,,,
97,3979,,0.0031168307177722454,,0.0004607456212397665,,0.009656337089836597,,0.0,,0.040374577045440674,,1.0,,0.3200806677341461,,,0.0,0.0,,1.4750929722140427e-06,,206.5994873046875,,0.16929128766059875,,0.029402203857898712,,,1.3828223943710327,,1.0,,0.12228918820619583,,,,,,,,,,,,,,,,,,
97,3989,,0.003122936235740781,,0.0007072699954733253,,0.010767735540866852,,0.0,,0.04103706777095795,,1.0,,0.3322679400444031,,,0.0,0.0,,0.0001719239808153361,,206.6505584716797,,0.16728147864341736,,0.03348866105079651,,,1.3901032209396362,,1.0,,0.12398144602775574,,,,,,,,,,,,,,,,,,
97,3999,,0.0033657336607575417,,0.0014875709312036633,,0.008098557591438293,,0.0,,0.04417264461517334,,1.0,,0.32345399260520935,,,0.0,0.0,,1.5932901078485884e-05,,196.50851440429688,,0.16618826985359192,,0.03231903165578842,,,1.231465458869934,,1.0,,0.12458445131778717,,,,,,,,,,,,,,,,,,
97,4009,,0.0032786710653454065,,0.001287076505832374,,0.00906259287148714,,0.0,,0.048291418701410294,,1.0,,0.3211812973022461,,,0.0,0.0,,5.8611285567167215e-06,,200.38140869140625,,0.16595758497714996,,0.034509770572185516,,,1.4031531810760498,,1.0,,0.1275714486837387,,,,,,,,,,,,,,,,,,
97,4017,,,,,,,,,,,,,,,,,,,,,,,,,,,,,,,,,,,0.009711075574159622,0.012192520312964916,0.011454185470938683,0.0,0.11664342880249023,1.0,0.3170853555202484,0.0,0.0,1.8826909581548534e-05,203.7626953125,0.16921080648899078,0.3881041407585144,1.387374997138977,2.411480188369751,1.0,0.34908580780029297
97,4017,0.0032470710575580597,,0.0011610767105594277,,0.008999127894639969,,0.0,,0.04629296809434891,,1.0,,0.32026171684265137,,0.0,0.0,,,1.738685205054935e-05,,202.92352294921875,,0.1677006334066391,,0.030367251485586166,,1.4251935482025146,2.033325672149658,,1.0,,0.12529310584068298,,0.22624973952770233,,,,,,,,,,,,,,,,,
98,4019,,0.003832293441519141,,0.0018365238793194294,,0.00951002724468708,,0.0,,0.044544339179992676,,1.0,,0.3206666111946106,,,0.0,0.0,,1.9694236925715813e-06,,206.4224090576172,,0.16593600809574127,,0.03190808370709419,,,1.2832638025283813,,1.0,,0.12498060613870621,,,,,,,,,,,,,,,,,,
98,4029,,0.003062532050535083,,0.0009774751961231232,,0.008545543998479843,,0.0,,0.045125726610422134,,1.0,,0.32036837935447693,,,0.0,0.0,,8.34238676361565e-07,,197.60943603515625,,0.16900241374969482,,0.02663525380194187,,,1.4901642799377441,,1.0,,0.12325666844844818,,,,,,,,,,,,,,,,,,
98,4039,,0.002989045577123761,,0.001124740345403552,,0.010082948952913284,,0.0,,0.06043048948049545,,1.0,,0.32604721188545227,,,0.0,0.0,,4.667525354307145e-05,,196.6197967529297,,0.1694244146347046,,0.031179040670394897,,,1.355720043182373,,1.0,,0.133605495095253,,,,,,,,,,,,,,,,,,
98,4049,,0.0029497225768864155,,0.0006076192948967218,,0.009210063144564629,,0.0,,0.040749385952949524,,1.0,,0.32079237699508667,,,0.0,0.0,,3.925266810256289e-06,,202.42138671875,,0.1696571707725525,,0.028317846357822418,,,1.5461821556091309,,1.0,,0.12206384539604187,,,,,,,,,,,,,,,,,,
98,4058,,,,,,,,,,,,,,,,,,,,,,,,,,,,,,,,,,,0.009715721942484379,0.012300386093556881,0.011413914151489735,0.0,0.11680436134338379,1.0,0.31694933772087097,0.0,0.0,2.4580504032201134e-05,203.75973510742188,0.16930833458900452,0.3876044452190399,1.3868542909622192,2.411357879638672,1.0,0.3490203320980072
98,4058,0.0031036250293254852,,0.0011640795273706317,,0.00901024043560028,,0.0,,0.04630269110202789,,1.0,,0.3205106556415558,,0.0,0.0,,,2.898885213653557e-05,,202.89491271972656,,0.16741885244846344,,0.030291493982076645,,1.4247822761535645,2.030733823776245,,1.0,,0.12505586445331573,,0.22649773955345154,,,,,,,,,,,,,,,,,
99,4059,,0.0032287673093378544,,0.0012175414012745023,,0.008614863269031048,,0.0,,0.05309933051466942,,1.0,,0.3161564767360687,,,0.0,0.0,,5.922254331380827e-06,,205.8607177734375,,0.1668398380279541,,0.0335259735584259,,,1.2891427278518677,,1.0,,0.12982018291950226,,,,,,,,,,,,,,,,,,
99,4069,,0.0033052454236894846,,0.0024757396895438433,,0.00894739106297493,,0.0,,0.04370134323835373,,1.0,,0.3170517086982727,,,0.0,0.0,,4.947626621287782e-06,,200.87071228027344,,0.165441632270813,,0.0338396355509758,,,2.240100622177124,,1.0,,0.1252790093421936,,,,,,,,,,,,,,,,,,
99,4079,,0.0030345136765390635,,0.0014318537432700396,,0.008924155496060848,,0.0,,0.042317476123571396,,1.0,,0.32127082347869873,,,0.0,0.0,,7.012750756985042e-06,,201.2039031982422,,0.1661604940891266,,0.028677668422460556,,,1.4254581928253174,,1.0,,0.12170693278312683,,,,,,,,,,,,,,,,,,
99,4089,,0.003024269826710224,,0.0020782386418431997,,0.008516944944858551,,0.0,,0.042967136949300766,,1.0,,0.3227011561393738,,,0.0,0.0,,1.4540662050421815e-05,,199.7373046875,,0.16663134098052979,,0.02895529381930828,,,1.9599870443344116,,1.0,,0.12268710881471634,,,,,,,,,,,,,,,,,,
99,4099,,0.0029970696195960045,,0.0016731377691030502,,0.010486554354429245,,0.0,,0.04308110848069191,,1.0,,0.31740713119506836,,,0.0,0.0,,1.7874275499707437e-06,,209.1473388671875,,0.1690005362033844,,0.030417604371905327,,,1.386791467666626,,1.0,,0.1246342733502388,,,,,,,,,,,,,,,,,,
99,4099,,,,,,,,,,,,,,,,,,,,,,,,,,,,,,,,,,,0.009756725281476974,0.01214000303298235,0.011453761719167233,0.0,0.11650674790143967,1.0,0.3166116178035736,0.0,0.0,2.8466529329307377e-05,203.8070526123047,0.169162780046463,0.38669535517692566,1.386923909187317,2.4113428592681885,1.0,0.34829041361808777
99,4099,0.0030564679764211178,,0.0011620246805250645,,0.009002293460071087,,0.0,,0.0463511198759079,,1.0,,0.32017308473587036,,0.0,0.0,,,1.4191557056619786e-05,,202.92892456054688,,0.1670825034379959,,0.03016817569732666,,1.4251669645309448,2.0325982570648193,,1.0,,0.12481745332479477,,0.22616802155971527,,,,,,,,,,,,,,,,,
